[SearchAgent] using function bfs
[SearchAgent] using problem type CornersProblem
(5, 1)
0
0
(5, 2)
0
0
(6, 2)
0
0
(7, 2)
0
0
(8, 2)
0
0
(9, 2)
0
0
(9, 3)
0
0
(9, 4)
0
0
(10, 4)
0
0
(8, 4)
0
0
(11, 4)
0
0
(7, 4)
0
0
(11, 3)
0
0
(12, 4)
0
0
(6, 4)
0
0
(11, 2)
0
0
(13, 4)
0
0
(5, 4)
0
0
(11, 1)
0
0
(12, 2)
0
0
(13, 5)
0
0
(5, 5)
0
0
(4, 4)
0
0
(12, 1)
0
0
(13, 2)
0
0
(13, 6)
0
0
(5, 6)
0
0
(3, 4)
0
0
(13, 1)
0
0
(14, 2)
0
0
(12, 6)
0
0
(5, 7)
0
0
(6, 6)
0
0
(4, 6)
0
0
(3, 5)
0
0
(3, 3)
0
0
(14, 1)
0
0
(15, 2)
0
0
(11, 6)
0
0
(5, 8)
0
0
(7, 6)
0
0
(3, 6)
0
0
(3, 2)
0
0
(15, 1)
0
0
(16, 2)
0
0
(11, 7)
0
0
(10, 6)
0
0
(5, 9)
0
0
(7, 7)
0
0
(2, 6)
0
0
(3, 1)
0
0
(2, 2)
0
0
(16, 1)
0
0
(16, 3)
0
0
(11, 8)
0
0
(9, 6)
0
0
(5, 10)
0
0
(7, 8)
0
0
(1, 6)
0
0
(2, 1)
0
0
FOUND PART OF OBJECTIVE!! next state:  (1, 1) 	 objective corner:  (1, 1) 	 at:  (2, 1) 	 pointing:  1
[1, 0, 0, 0]
(1, 2)
0
0
FOUND PART OF OBJECTIVE!! next state:  (1, 1) 	 objective corner:  (1, 1) 	 at:  (1, 2) 	 pointing:  1
[1, 0, 0, 0]
(16, 4)
0
0
(11, 9)
0
0
(12, 8)
0
0
(9, 7)
0
0
(5, 11)
0
0
(6, 10)
0
0
(4, 10)
0
0
(1, 7)
0
0
(101, 101)
1
0
1
0
(1, 3)
0
0
(102, 102)
1
0
1
0
(17, 4)
0
0
(11, 10)
0
0
(13, 8)
0
0
(9, 8)
0
0
(5, 12)
0
0
(6, 11)
0
0
(4, 11)
0
0
(7, 10)
0
0
(3, 10)
0
0
(1, 8)
0
0
(101, 102)
1
0
1
0
FOUND PART OF OBJECTIVE!! next state:  (1, 1) 	 objective corner:  (1, 1) 	 at:  (101, 102) 	 pointing:  1
[1, 0, 0, 0]
(102, 101)
1
0
1
0
FOUND PART OF OBJECTIVE!! next state:  (1, 1) 	 objective corner:  (1, 1) 	 at:  (102, 101) 	 pointing:  1
[1, 0, 0, 0]
(1, 4)
0
0
(103, 102)
1
0
1
0
(18, 4)
0
0
(11, 11)
0
0
(12, 10)
0
0
(10, 10)
0
0
(6, 12)
0
0
(4, 12)
0
0
(7, 11)
0
0
(3, 11)
0
0
(2, 10)
0
0
(2, 8)
0
0
(101, 103)
1
0
1
0
(103, 101)
1
0
1
0
(103, 103)
1
0
1
0
(18, 5)
0
0
(18, 3)
0
0
(19, 4)
0
0
(11, 12)
0
0
(13, 10)
0
0
(9, 10)
0
0
(7, 12)
0
0
(3, 12)
0
0
(2, 11)
0
0
(1, 10)
0
0
(3, 8)
0
0
(101, 104)
1
0
1
0
(103, 104)
1
0
1
0
(18, 6)
0
0
(18, 2)
0
0
(20, 4)
0
0
(14, 10)
0
0
(9, 11)
0
0
(2, 12)
0
0
FOUND PART OF OBJECTIVE!! next state:  (1, 12) 	 objective corner:  (1, 12) 	 at:  (2, 12) 	 pointing:  2
[0, 1, 0, 0]
(1, 11)
0
0
FOUND PART OF OBJECTIVE!! next state:  (1, 12) 	 objective corner:  (1, 12) 	 at:  (1, 11) 	 pointing:  2
[0, 1, 0, 0]
(103, 105)
1
0
1
0
(104, 104)
1
0
1
0
(19, 6)
0
0
(17, 6)
0
0
(18, 1)
0
0
(15, 10)
0
0
(9, 12)
0
0
(201, 212)
2
1
0
2
1
0
(201, 210)
2
1
0
2
1
0
(202, 211)
2
1
0
2
1
0
(103, 106)
1
0
1
0
(105, 104)
1
0
1
0
(20, 6)
0
0
(16, 6)
0
0
(15, 9)
0
0
(16, 10)
0
0
(201, 211)
2
1
0
2
1
0
FOUND PART OF OBJECTIVE!! next state:  (1, 12) 	 objective corner:  (1, 12) 	 at:  (201, 211) 	 pointing:  2
[0, 1, 0, 0]
(202, 212)
2
1
0
2
1
0
FOUND PART OF OBJECTIVE!! next state:  (1, 12) 	 objective corner:  (1, 12) 	 at:  (202, 212) 	 pointing:  2
[0, 1, 0, 0]
(202, 210)
2
1
0
2
1
0
(203, 211)
2
1
0
2
1
0
(104, 106)
1
0
1
0
(102, 106)
1
0
1
0
(105, 105)
1
0
1
0
(106, 104)
1
0
1
0
(20, 7)
0
0
(15, 8)
0
0
(203, 212)
2
1
0
2
1
0
(203, 210)
2
1
0
2
1
0
(204, 211)
2
1
0
2
1
0
(105, 106)
1
0
1
0
(101, 106)
1
0
1
0
(107, 104)
1
0
1
0
(20, 8)
0
0
(16, 8)
0
0
(204, 212)
2
1
0
2
1
0
(204, 210)
2
1
0
2
1
0
(205, 211)
2
1
0
2
1
0
(105, 107)
1
0
1
0
(106, 106)
1
0
1
0
(101, 107)
1
0
1
0
(108, 104)
1
0
1
0
(21, 8)
0
0
(17, 8)
0
0
(205, 212)
2
1
0
2
1
0
(205, 210)
2
1
0
2
1
0
(206, 211)
2
1
0
2
1
0
(105, 108)
1
0
1
0
(107, 106)
1
0
1
0
(101, 108)
1
0
1
0
(109, 104)
1
0
1
0
(22, 8)
0
0
(18, 8)
0
0
(206, 212)
2
1
0
2
1
0
(205, 209)
2
1
0
2
1
0
(206, 210)
2
1
0
2
1
0
(207, 211)
2
1
0
2
1
0
(105, 109)
1
0
1
0
(107, 107)
1
0
1
0
(102, 108)
1
0
1
0
(109, 103)
1
0
1
0
(110, 104)
1
0
1
0
(23, 8)
0
0
(18, 9)
0
0
(207, 212)
2
1
0
2
1
0
(205, 208)
2
1
0
2
1
0
(207, 210)
2
1
0
2
1
0
(105, 110)
1
0
1
0
(107, 108)
1
0
1
0
(103, 108)
1
0
1
0
(109, 102)
1
0
1
0
(111, 104)
1
0
1
0
(24, 8)
0
0
(18, 10)
0
0
(205, 207)
2
1
0
2
1
0
(105, 111)
1
0
1
0
(106, 110)
1
0
1
0
(104, 110)
1
0
1
0
(108, 102)
1
0
1
0
(111, 103)
1
0
1
0
(112, 104)
1
0
1
0
(24, 9)
0
0
(24, 7)
0
0
(18, 11)
0
0
(19, 10)
0
0
(205, 206)
2
1
0
2
1
0
(105, 112)
1
0
1
0
(106, 111)
1
0
1
0
(104, 111)
1
0
1
0
(107, 110)
1
0
1
0
(103, 110)
1
0
1
0
(107, 102)
1
0
1
0
(111, 102)
1
0
1
0
(113, 104)
1
0
1
0
(24, 10)
0
0
(24, 6)
0
0
(18, 12)
0
0
(20, 10)
0
0
(205, 205)
2
1
0
2
1
0
(206, 206)
2
1
0
2
1
0
(204, 206)
2
1
0
2
1
0
(106, 112)
1
0
1
0
(104, 112)
1
0
1
0
(107, 111)
1
0
1
0
(103, 111)
1
0
1
0
(102, 110)
1
0
1
0
(106, 102)
1
0
1
0
(111, 101)
1
0
1
0
(112, 102)
1
0
1
0
(113, 105)
1
0
1
0
(24, 5)
0
0
(19, 12)
0
0
(17, 12)
0
0
(21, 10)
0
0
(205, 204)
2
1
0
2
1
0
(207, 206)
2
1
0
2
1
0
(203, 206)
2
1
0
2
1
0
(107, 112)
1
0
1
0
(103, 112)
1
0
1
0
(102, 111)
1
0
1
0
(101, 110)
1
0
1
0
(105, 102)
1
0
1
0
(112, 101)
1
0
1
0
(113, 102)
1
0
1
0
(113, 106)
1
0
1
0
(24, 4)
0
0
(20, 12)
0
0
(16, 12)
0
0
(22, 10)
0
0
(206, 204)
2
1
0
2
1
0
(204, 204)
2
1
0
2
1
0
(207, 207)
2
1
0
2
1
0
(203, 205)
2
1
0
2
1
0
(202, 206)
2
1
0
2
1
0
(102, 112)
1
0
1
0
FOUND PART OF OBJECTIVE!! next state:  (1, 12) 	 objective corner:  (1, 12) 	 at:  (102, 112) 	 pointing:  2
[1, 1, 0, 0]
(101, 111)
1
0
1
0
FOUND PART OF OBJECTIVE!! next state:  (1, 12) 	 objective corner:  (1, 12) 	 at:  (101, 111) 	 pointing:  2
[1, 1, 0, 0]
(105, 101)
1
0
1
0
(113, 101)
1
0
1
0
(114, 102)
1
0
1
0
(112, 106)
1
0
1
0
(25, 4)
0
0
(23, 4)
0
0
(21, 12)
0
0
(15, 12)
0
0
(207, 204)
2
1
0
2
1
0
(203, 204)
2
1
0
2
1
0
(207, 208)
2
1
0
2
1
0
(201, 206)
2
1
0
2
1
0
(301, 312)
3
1
0
3
1
0
(301, 310)
3
1
0
3
1
0
(302, 311)
3
1
0
3
1
0
(114, 101)
1
0
1
0
(115, 102)
1
0
1
0
(111, 106)
1
0
1
0
(26, 4)
0
0
(22, 4)
0
0
(22, 12)
0
0
(14, 12)
0
0
(208, 204)
2
1
0
2
1
0
(203, 203)
2
1
0
2
1
0
(201, 207)
2
1
0
2
1
0
(301, 311)
3
1
0
3
1
0
FOUND PART OF OBJECTIVE!! next state:  (1, 12) 	 objective corner:  (1, 12) 	 at:  (301, 311) 	 pointing:  2
[1, 1, 0, 0]
(302, 312)
3
1
0
3
1
0
FOUND PART OF OBJECTIVE!! next state:  (1, 12) 	 objective corner:  (1, 12) 	 at:  (302, 312) 	 pointing:  2
[1, 1, 0, 0]
(302, 310)
3
1
0
3
1
0
(303, 311)
3
1
0
3
1
0
(115, 101)
1
0
1
0
(116, 102)
1
0
1
0
(111, 107)
1
0
1
0
(110, 106)
1
0
1
0
(26, 5)
0
0
(26, 3)
0
0
(22, 5)
0
0
(22, 3)
0
0
(23, 12)
0
0
(13, 12)
0
0
(209, 204)
2
1
0
2
1
0
(203, 202)
2
1
0
2
1
0
(201, 208)
2
1
0
2
1
0
(303, 312)
3
1
0
3
1
0
(303, 310)
3
1
0
3
1
0
(304, 311)
3
1
0
3
1
0
(116, 101)
1
0
1
0
(116, 103)
1
0
1
0
(111, 108)
1
0
1
0
(109, 106)
1
0
1
0
(26, 6)
0
0
(22, 6)
0
0
(22, 2)
0
0
(24, 12)
0
0
(209, 203)
2
1
0
2
1
0
(210, 204)
2
1
0
2
1
0
(203, 201)
2
1
0
2
1
0
(202, 202)
2
1
0
2
1
0
(202, 208)
2
1
0
2
1
0
(304, 312)
3
1
0
3
1
0
(304, 310)
3
1
0
3
1
0
(305, 311)
3
1
0
3
1
0
(116, 104)
1
0
1
0
(111, 109)
1
0
1
0
(112, 108)
1
0
1
0
(109, 107)
1
0
1
0
(27, 6)
0
0
(22, 1)
0
0
(21, 2)
0
0
(25, 12)
0
0
(209, 202)
2
1
0
2
1
0
(211, 204)
2
1
0
2
1
0
(202, 201)
2
1
0
2
1
0
FOUND PART OF OBJECTIVE!! next state:  (1, 1) 	 objective corner:  (1, 1) 	 at:  (202, 201) 	 pointing:  1
[1, 1, 0, 0]
(201, 202)
2
1
0
2
1
0
FOUND PART OF OBJECTIVE!! next state:  (1, 1) 	 objective corner:  (1, 1) 	 at:  (201, 202) 	 pointing:  1
[1, 1, 0, 0]
(203, 208)
2
1
0
2
1
0
(305, 312)
3
1
0
3
1
0
(305, 310)
3
1
0
3
1
0
(306, 311)
3
1
0
3
1
0
(117, 104)
1
0
1
0
(111, 110)
1
0
1
0
(113, 108)
1
0
1
0
(109, 108)
1
0
1
0
(28, 6)
0
0
(20, 2)
0
0
(26, 12)
0
0
(208, 202)
2
1
0
2
1
0
(211, 203)
2
1
0
2
1
0
(212, 204)
2
1
0
2
1
0
(301, 301)
3
1
0
3
1
0
(201, 203)
2
1
0
2
1
0
(302, 302)
3
1
0
3
1
0
(306, 312)
3
1
0
3
1
0
(305, 309)
3
1
0
3
1
0
(306, 310)
3
1
0
3
1
0
(307, 311)
3
1
0
3
1
0
(118, 104)
1
0
1
0
(111, 111)
1
0
1
0
(112, 110)
1
0
1
0
(110, 110)
1
0
1
0
(28, 7)
0
0
(28, 5)
0
0
(26, 11)
0
0
(207, 202)
2
1
0
2
1
0
(211, 202)
2
1
0
2
1
0
(213, 204)
2
1
0
2
1
0
(301, 302)
3
1
0
3
1
0
FOUND PART OF OBJECTIVE!! next state:  (1, 1) 	 objective corner:  (1, 1) 	 at:  (301, 302) 	 pointing:  1
[1, 1, 0, 0]
(302, 301)
3
1
0
3
1
0
FOUND PART OF OBJECTIVE!! next state:  (1, 1) 	 objective corner:  (1, 1) 	 at:  (302, 301) 	 pointing:  1
[1, 1, 0, 0]
(201, 204)
2
1
0
2
1
0
(303, 302)
3
1
0
3
1
0
(307, 312)
3
1
0
3
1
0
(305, 308)
3
1
0
3
1
0
(307, 310)
3
1
0
3
1
0
(118, 105)
1
0
1
0
(118, 103)
1
0
1
0
(119, 104)
1
0
1
0
(111, 112)
1
0
1
0
(113, 110)
1
0
1
0
(109, 110)
1
0
1
0
(28, 8)
0
0
(28, 4)
0
0
(26, 10)
0
0
(206, 202)
2
1
0
2
1
0
(211, 201)
2
1
0
2
1
0
(212, 202)
2
1
0
2
1
0
(213, 205)
2
1
0
2
1
0
(301, 303)
3
1
0
3
1
0
(303, 301)
3
1
0
3
1
0
(303, 303)
3
1
0
3
1
0
(305, 307)
3
1
0
3
1
0
(118, 106)
1
0
1
0
(118, 102)
1
0
1
0
(120, 104)
1
0
1
0
(114, 110)
1
0
1
0
(109, 111)
1
0
1
0
(27, 8)
0
0
(28, 3)
0
0
(26, 9)
0
0
(27, 10)
0
0
(205, 202)
2
1
0
2
1
0
(212, 201)
2
1
0
2
1
0
(213, 202)
2
1
0
2
1
0
(213, 206)
2
1
0
2
1
0
(301, 304)
3
1
0
3
1
0
(303, 304)
3
1
0
3
1
0
(305, 306)
3
1
0
3
1
0
(119, 106)
1
0
1
0
(117, 106)
1
0
1
0
(118, 101)
1
0
1
0
(115, 110)
1
0
1
0
(109, 112)
1
0
1
0
(26, 8)
0
0
(28, 2)
0
0
FOUND PART OF OBJECTIVE!! next state:  (28, 1) 	 objective corner:  (28, 1) 	 at:  (28, 2) 	 pointing:  4
[0, 0, 1, 0]
(28, 10)
0
0
(205, 201)
2
1
0
2
1
0
(213, 201)
2
1
0
2
1
0
(214, 202)
2
1
0
2
1
0
(212, 206)
2
1
0
2
1
0
(303, 305)
3
1
0
3
1
0
(304, 304)
3
1
0
3
1
0
(305, 305)
3
1
0
3
1
0
(306, 306)
3
1
0
3
1
0
(304, 306)
3
1
0
3
1
0
(120, 106)
1
0
1
0
(116, 106)
1
0
1
0
(115, 109)
1
0
1
0
(116, 110)
1
0
1
0
(428, 401)
4
2
1
0
4
2
1
0
(28, 11)
0
0
FOUND PART OF OBJECTIVE!! next state:  (28, 12) 	 objective corner:  (28, 12) 	 at:  (28, 11) 	 pointing:  8
[0, 0, 0, 1]
(214, 201)
2
1
0
2
1
0
(215, 202)
2
1
0
2
1
0
(211, 206)
2
1
0
2
1
0
(303, 306)
3
1
0
3
1
0
(305, 304)
3
1
0
3
1
0
(307, 306)
3
1
0
3
1
0
(120, 107)
1
0
1
0
(115, 108)
1
0
1
0
(428, 402)
4
2
1
0
4
2
1
0
FOUND PART OF OBJECTIVE!! next state:  (28, 1) 	 objective corner:  (28, 1) 	 at:  (428, 402) 	 pointing:  4
[0, 0, 1, 0]
(427, 401)
4
2
1
0
4
2
1
0
FOUND PART OF OBJECTIVE!! next state:  (28, 1) 	 objective corner:  (28, 1) 	 at:  (427, 401) 	 pointing:  4
[0, 0, 1, 0]
(828, 812)
8
4
2
1
8
4
2
1
(828, 810)
8
4
2
1
8
4
2
1
(215, 201)
2
1
0
2
1
0
(216, 202)
2
1
0
2
1
0
(211, 207)
2
1
0
2
1
0
(210, 206)
2
1
0
2
1
0
(302, 306)
3
1
0
3
1
0
(306, 304)
3
1
0
3
1
0
(307, 307)
3
1
0
3
1
0
(120, 108)
1
0
1
0
(116, 108)
1
0
1
0
(428, 403)
4
2
1
0
4
2
1
0
(426, 401)
4
2
1
0
4
2
1
0
(828, 811)
8
4
2
1
8
4
2
1
FOUND PART OF OBJECTIVE!! next state:  (28, 12) 	 objective corner:  (28, 12) 	 at:  (828, 811) 	 pointing:  8
[0, 0, 0, 1]
(827, 810)
8
4
2
1
8
4
2
1
(216, 201)
2
1
0
2
1
0
(216, 203)
2
1
0
2
1
0
(211, 208)
2
1
0
2
1
0
(209, 206)
2
1
0
2
1
0
(301, 306)
3
1
0
3
1
0
(307, 304)
3
1
0
3
1
0
(307, 308)
3
1
0
3
1
0
(121, 108)
1
0
1
0
(117, 108)
1
0
1
0
(428, 404)
4
2
1
0
4
2
1
0
(425, 401)
4
2
1
0
4
2
1
0
(826, 810)
8
4
2
1
8
4
2
1
(216, 204)
2
1
0
2
1
0
(211, 209)
2
1
0
2
1
0
(212, 208)
2
1
0
2
1
0
(209, 207)
2
1
0
2
1
0
(301, 307)
3
1
0
3
1
0
(308, 304)
3
1
0
3
1
0
(122, 108)
1
0
1
0
(118, 108)
1
0
1
0
(428, 405)
4
2
1
0
4
2
1
0
(424, 401)
4
2
1
0
4
2
1
0
(826, 811)
8
4
2
1
8
4
2
1
(826, 809)
8
4
2
1
8
4
2
1
(217, 204)
2
1
0
2
1
0
(211, 210)
2
1
0
2
1
0
(213, 208)
2
1
0
2
1
0
(209, 208)
2
1
0
2
1
0
(301, 308)
3
1
0
3
1
0
(309, 304)
3
1
0
3
1
0
(123, 108)
1
0
1
0
(118, 109)
1
0
1
0
(428, 406)
4
2
1
0
4
2
1
0
(424, 402)
4
2
1
0
4
2
1
0
(826, 812)
8
4
2
1
8
4
2
1
(826, 808)
8
4
2
1
8
4
2
1
(218, 204)
2
1
0
2
1
0
(211, 211)
2
1
0
2
1
0
(212, 210)
2
1
0
2
1
0
(210, 210)
2
1
0
2
1
0
(302, 308)
3
1
0
3
1
0
(309, 303)
3
1
0
3
1
0
(310, 304)
3
1
0
3
1
0
(124, 108)
1
0
1
0
(118, 110)
1
0
1
0
(428, 407)
4
2
1
0
4
2
1
0
(427, 406)
4
2
1
0
4
2
1
0
(825, 812)
8
4
2
1
8
4
2
1
(827, 808)
8
4
2
1
8
4
2
1
(218, 205)
2
1
0
2
1
0
(218, 203)
2
1
0
2
1
0
(219, 204)
2
1
0
2
1
0
(211, 212)
2
1
0
2
1
0
(213, 210)
2
1
0
2
1
0
(209, 210)
2
1
0
2
1
0
(303, 308)
3
1
0
3
1
0
(309, 302)
3
1
0
3
1
0
(311, 304)
3
1
0
3
1
0
(124, 109)
1
0
1
0
(124, 107)
1
0
1
0
(118, 111)
1
0
1
0
(119, 110)
1
0
1
0
(428, 408)
4
2
1
0
4
2
1
0
(426, 406)
4
2
1
0
4
2
1
0
(824, 812)
8
4
2
1
8
4
2
1
(828, 808)
8
4
2
1
8
4
2
1
(218, 206)
2
1
0
2
1
0
(218, 202)
2
1
0
2
1
0
(220, 204)
2
1
0
2
1
0
(214, 210)
2
1
0
2
1
0
(209, 211)
2
1
0
2
1
0
(308, 302)
3
1
0
3
1
0
(311, 303)
3
1
0
3
1
0
(312, 304)
3
1
0
3
1
0
(124, 110)
1
0
1
0
(124, 106)
1
0
1
0
(118, 112)
1
0
1
0
(120, 110)
1
0
1
0
(427, 408)
4
2
1
0
4
2
1
0
(426, 405)
4
2
1
0
4
2
1
0
(823, 812)
8
4
2
1
8
4
2
1
(828, 807)
8
4
2
1
8
4
2
1
(219, 206)
2
1
0
2
1
0
(217, 206)
2
1
0
2
1
0
(218, 201)
2
1
0
2
1
0
(215, 210)
2
1
0
2
1
0
(209, 212)
2
1
0
2
1
0
(307, 302)
3
1
0
3
1
0
(311, 302)
3
1
0
3
1
0
(313, 304)
3
1
0
3
1
0
(124, 105)
1
0
1
0
(119, 112)
1
0
1
0
(117, 112)
1
0
1
0
(121, 110)
1
0
1
0
(426, 408)
4
2
1
0
4
2
1
0
(426, 404)
4
2
1
0
4
2
1
0
(822, 812)
8
4
2
1
8
4
2
1
(828, 806)
8
4
2
1
8
4
2
1
(220, 206)
2
1
0
2
1
0
(216, 206)
2
1
0
2
1
0
(215, 209)
2
1
0
2
1
0
(216, 210)
2
1
0
2
1
0
(306, 302)
3
1
0
3
1
0
(311, 301)
3
1
0
3
1
0
(312, 302)
3
1
0
3
1
0
(313, 305)
3
1
0
3
1
0
(124, 104)
1
0
1
0
(120, 112)
1
0
1
0
(116, 112)
1
0
1
0
(122, 110)
1
0
1
0
(426, 409)
4
2
1
0
4
2
1
0
(426, 403)
4
2
1
0
4
2
1
0
(425, 404)
4
2
1
0
4
2
1
0
(821, 812)
8
4
2
1
8
4
2
1
(828, 805)
8
4
2
1
8
4
2
1
(827, 806)
8
4
2
1
8
4
2
1
(220, 207)
2
1
0
2
1
0
(215, 208)
2
1
0
2
1
0
(305, 302)
3
1
0
3
1
0
(312, 301)
3
1
0
3
1
0
(313, 302)
3
1
0
3
1
0
(313, 306)
3
1
0
3
1
0
(125, 104)
1
0
1
0
(123, 104)
1
0
1
0
(121, 112)
1
0
1
0
(115, 112)
1
0
1
0
(426, 410)
4
2
1
0
4
2
1
0
(424, 404)
4
2
1
0
4
2
1
0
(820, 812)
8
4
2
1
8
4
2
1
(828, 804)
8
4
2
1
8
4
2
1
(826, 806)
8
4
2
1
8
4
2
1
(220, 208)
2
1
0
2
1
0
(216, 208)
2
1
0
2
1
0
(305, 301)
3
1
0
3
1
0
(313, 301)
3
1
0
3
1
0
(314, 302)
3
1
0
3
1
0
(312, 306)
3
1
0
3
1
0
(126, 104)
1
0
1
0
(122, 104)
1
0
1
0
(122, 112)
1
0
1
0
(114, 112)
1
0
1
0
(426, 411)
4
2
1
0
4
2
1
0
(427, 410)
4
2
1
0
4
2
1
0
(424, 405)
4
2
1
0
4
2
1
0
(423, 404)
4
2
1
0
4
2
1
0
(819, 812)
8
4
2
1
8
4
2
1
(828, 803)
8
4
2
1
8
4
2
1
(826, 805)
8
4
2
1
8
4
2
1
(221, 208)
2
1
0
2
1
0
(217, 208)
2
1
0
2
1
0
(314, 301)
3
1
0
3
1
0
(315, 302)
3
1
0
3
1
0
(311, 306)
3
1
0
3
1
0
(126, 105)
1
0
1
0
(126, 103)
1
0
1
0
(122, 105)
1
0
1
0
(122, 103)
1
0
1
0
(123, 112)
1
0
1
0
(113, 112)
1
0
1
0
(426, 412)
4
2
1
0
4
2
1
0
(428, 410)
4
2
1
0
4
2
1
0
(424, 406)
4
2
1
0
4
2
1
0
(422, 404)
4
2
1
0
4
2
1
0
(818, 812)
8
4
2
1
8
4
2
1
(828, 802)
8
4
2
1
8
4
2
1
FOUND PART OF OBJECTIVE!! next state:  (28, 1) 	 objective corner:  (28, 1) 	 at:  (828, 802) 	 pointing:  4
[0, 0, 1, 1]
(826, 804)
8
4
2
1
8
4
2
1
(222, 208)
2
1
0
2
1
0
(218, 208)
2
1
0
2
1
0
(315, 301)
3
1
0
3
1
0
(316, 302)
3
1
0
3
1
0
(311, 307)
3
1
0
3
1
0
(310, 306)
3
1
0
3
1
0
(126, 106)
1
0
1
0
(122, 106)
1
0
1
0
(122, 102)
1
0
1
0
(124, 112)
1
0
1
0
(425, 412)
4
2
1
0
4
2
1
0
(428, 411)
4
2
1
0
4
2
1
0
FOUND PART OF OBJECTIVE!! next state:  (28, 12) 	 objective corner:  (28, 12) 	 at:  (428, 411) 	 pointing:  8
[0, 0, 1, 1]
(424, 407)
4
2
1
0
4
2
1
0
(422, 405)
4
2
1
0
4
2
1
0
(422, 403)
4
2
1
0
4
2
1
0
(818, 811)
8
4
2
1
8
4
2
1
(817, 812)
8
4
2
1
8
4
2
1
(1228, 1201)
12
6
3
1
12
6
3
1
(826, 803)
8
4
2
1
8
4
2
1
(825, 804)
8
4
2
1
8
4
2
1
(223, 208)
2
1
0
2
1
0
(218, 209)
2
1
0
2
1
0
(316, 301)
3
1
0
3
1
0
(316, 303)
3
1
0
3
1
0
(311, 308)
3
1
0
3
1
0
(309, 306)
3
1
0
3
1
0
(127, 106)
1
0
1
0
(122, 101)
1
0
1
0
(121, 102)
1
0
1
0
(125, 112)
1
0
1
0
(424, 412)
4
2
1
0
4
2
1
0
(1228, 1212)
12
6
3
1
12
6
3
1
(1228, 1210)
12
6
3
1
12
6
3
1
(424, 408)
4
2
1
0
4
2
1
0
(422, 406)
4
2
1
0
4
2
1
0
(422, 402)
4
2
1
0
4
2
1
0
(818, 810)
8
4
2
1
8
4
2
1
(816, 812)
8
4
2
1
8
4
2
1
(1228, 1202)
12
6
3
1
12
6
3
1
FOUND PART OF OBJECTIVE!! next state:  (28, 1) 	 objective corner:  (28, 1) 	 at:  (1228, 1202) 	 pointing:  4
[0, 0, 1, 1]
(1227, 1201)
12
6
3
1
12
6
3
1
FOUND PART OF OBJECTIVE!! next state:  (28, 1) 	 objective corner:  (28, 1) 	 at:  (1227, 1201) 	 pointing:  4
[0, 0, 1, 1]
(824, 804)
8
4
2
1
8
4
2
1
(224, 208)
2
1
0
2
1
0
(218, 210)
2
1
0
2
1
0
(316, 304)
3
1
0
3
1
0
(311, 309)
3
1
0
3
1
0
(312, 308)
3
1
0
3
1
0
(309, 307)
3
1
0
3
1
0
(128, 106)
1
0
1
0
(120, 102)
1
0
1
0
(126, 112)
1
0
1
0
(423, 412)
4
2
1
0
4
2
1
0
(1228, 1211)
12
6
3
1
12
6
3
1
FOUND PART OF OBJECTIVE!! next state:  (28, 12) 	 objective corner:  (28, 12) 	 at:  (1228, 1211) 	 pointing:  8
[0, 0, 1, 1]
(1227, 1210)
12
6
3
1
12
6
3
1
(424, 409)
4
2
1
0
4
2
1
0
(423, 408)
4
2
1
0
4
2
1
0
(422, 401)
4
2
1
0
4
2
1
0
(421, 402)
4
2
1
0
4
2
1
0
(818, 809)
8
4
2
1
8
4
2
1
(819, 810)
8
4
2
1
8
4
2
1
(815, 812)
8
4
2
1
8
4
2
1
(1228, 1203)
12
6
3
1
12
6
3
1
(1226, 1201)
12
6
3
1
12
6
3
1
(824, 805)
8
4
2
1
8
4
2
1
(823, 804)
8
4
2
1
8
4
2
1
(224, 209)
2
1
0
2
1
0
(224, 207)
2
1
0
2
1
0
(218, 211)
2
1
0
2
1
0
(219, 210)
2
1
0
2
1
0
(317, 304)
3
1
0
3
1
0
(311, 310)
3
1
0
3
1
0
(313, 308)
3
1
0
3
1
0
(309, 308)
3
1
0
3
1
0
(128, 107)
1
0
1
0
(128, 105)
1
0
1
0
(126, 111)
1
0
1
0
(422, 412)
4
2
1
0
4
2
1
0
(1226, 1210)
12
6
3
1
12
6
3
1
(424, 410)
4
2
1
0
4
2
1
0
(422, 408)
4
2
1
0
4
2
1
0
(420, 402)
4
2
1
0
4
2
1
0
(818, 808)
8
4
2
1
8
4
2
1
(820, 810)
8
4
2
1
8
4
2
1
(814, 812)
8
4
2
1
8
4
2
1
(1228, 1204)
12
6
3
1
12
6
3
1
(1225, 1201)
12
6
3
1
12
6
3
1
(824, 806)
8
4
2
1
8
4
2
1
(822, 804)
8
4
2
1
8
4
2
1
(224, 210)
2
1
0
2
1
0
(224, 206)
2
1
0
2
1
0
(218, 212)
2
1
0
2
1
0
(220, 210)
2
1
0
2
1
0
(318, 304)
3
1
0
3
1
0
(311, 311)
3
1
0
3
1
0
(312, 310)
3
1
0
3
1
0
(310, 310)
3
1
0
3
1
0
(128, 108)
1
0
1
0
(128, 104)
1
0
1
0
(126, 110)
1
0
1
0
(421, 412)
4
2
1
0
4
2
1
0
(1226, 1211)
12
6
3
1
12
6
3
1
(1226, 1209)
12
6
3
1
12
6
3
1
(421, 408)
4
2
1
0
4
2
1
0
(817, 808)
8
4
2
1
8
4
2
1
(821, 810)
8
4
2
1
8
4
2
1
(813, 812)
8
4
2
1
8
4
2
1
(1228, 1205)
12
6
3
1
12
6
3
1
(1224, 1201)
12
6
3
1
12
6
3
1
(824, 807)
8
4
2
1
8
4
2
1
(822, 805)
8
4
2
1
8
4
2
1
(822, 803)
8
4
2
1
8
4
2
1
(224, 205)
2
1
0
2
1
0
(219, 212)
2
1
0
2
1
0
(217, 212)
2
1
0
2
1
0
(221, 210)
2
1
0
2
1
0
(318, 305)
3
1
0
3
1
0
(318, 303)
3
1
0
3
1
0
(319, 304)
3
1
0
3
1
0
(311, 312)
3
1
0
3
1
0
(313, 310)
3
1
0
3
1
0
(309, 310)
3
1
0
3
1
0
(127, 108)
1
0
1
0
(128, 103)
1
0
1
0
(126, 109)
1
0
1
0
(127, 110)
1
0
1
0
(420, 412)
4
2
1
0
4
2
1
0
(1226, 1212)
12
6
3
1
12
6
3
1
(1226, 1208)
12
6
3
1
12
6
3
1
(420, 408)
4
2
1
0
4
2
1
0
(816, 808)
8
4
2
1
8
4
2
1
(822, 810)
8
4
2
1
8
4
2
1
(1228, 1206)
12
6
3
1
12
6
3
1
(1224, 1202)
12
6
3
1
12
6
3
1
(824, 808)
8
4
2
1
8
4
2
1
(822, 806)
8
4
2
1
8
4
2
1
(822, 802)
8
4
2
1
8
4
2
1
(224, 204)
2
1
0
2
1
0
(220, 212)
2
1
0
2
1
0
(216, 212)
2
1
0
2
1
0
(222, 210)
2
1
0
2
1
0
(318, 306)
3
1
0
3
1
0
(318, 302)
3
1
0
3
1
0
(320, 304)
3
1
0
3
1
0
(314, 310)
3
1
0
3
1
0
(309, 311)
3
1
0
3
1
0
(126, 108)
1
0
1
0
(128, 102)
1
0
1
0
FOUND PART OF OBJECTIVE!! next state:  (28, 1) 	 objective corner:  (28, 1) 	 at:  (128, 102) 	 pointing:  4
[1, 0, 1, 0]
(128, 110)
1
0
1
0
(419, 412)
4
2
1
0
4
2
1
0
(1225, 1212)
12
6
3
1
12
6
3
1
(1227, 1208)
12
6
3
1
12
6
3
1
(420, 407)
4
2
1
0
4
2
1
0
(815, 808)
8
4
2
1
8
4
2
1
(1228, 1207)
12
6
3
1
12
6
3
1
(1227, 1206)
12
6
3
1
12
6
3
1
(824, 809)
8
4
2
1
8
4
2
1
(823, 808)
8
4
2
1
8
4
2
1
(822, 801)
8
4
2
1
8
4
2
1
(821, 802)
8
4
2
1
8
4
2
1
(225, 204)
2
1
0
2
1
0
(223, 204)
2
1
0
2
1
0
(221, 212)
2
1
0
2
1
0
(215, 212)
2
1
0
2
1
0
(319, 306)
3
1
0
3
1
0
(317, 306)
3
1
0
3
1
0
(318, 301)
3
1
0
3
1
0
(315, 310)
3
1
0
3
1
0
(309, 312)
3
1
0
3
1
0
(528, 501)
5
2
1
0
5
2
1
0
(128, 111)
1
0
1
0
FOUND PART OF OBJECTIVE!! next state:  (28, 12) 	 objective corner:  (28, 12) 	 at:  (128, 111) 	 pointing:  8
[1, 0, 0, 1]
(418, 412)
4
2
1
0
4
2
1
0
(1224, 1212)
12
6
3
1
12
6
3
1
(1228, 1208)
12
6
3
1
12
6
3
1
(420, 406)
4
2
1
0
4
2
1
0
(815, 809)
8
4
2
1
8
4
2
1
(1226, 1206)
12
6
3
1
12
6
3
1
(824, 810)
8
4
2
1
8
4
2
1
(822, 808)
8
4
2
1
8
4
2
1
(820, 802)
8
4
2
1
8
4
2
1
(226, 204)
2
1
0
2
1
0
(222, 204)
2
1
0
2
1
0
(222, 212)
2
1
0
2
1
0
(214, 212)
2
1
0
2
1
0
(320, 306)
3
1
0
3
1
0
(316, 306)
3
1
0
3
1
0
(315, 309)
3
1
0
3
1
0
(316, 310)
3
1
0
3
1
0
(528, 502)
5
2
1
0
5
2
1
0
FOUND PART OF OBJECTIVE!! next state:  (28, 1) 	 objective corner:  (28, 1) 	 at:  (528, 502) 	 pointing:  4
[1, 0, 1, 0]
(527, 501)
5
2
1
0
5
2
1
0
FOUND PART OF OBJECTIVE!! next state:  (28, 1) 	 objective corner:  (28, 1) 	 at:  (527, 501) 	 pointing:  4
[1, 0, 1, 0]
(928, 912)
9
4
2
1
9
4
2
1
(928, 910)
9
4
2
1
9
4
2
1
(418, 411)
4
2
1
0
4
2
1
0
(417, 412)
4
2
1
0
4
2
1
0
(1223, 1212)
12
6
3
1
12
6
3
1
(419, 406)
4
2
1
0
4
2
1
0
(815, 810)
8
4
2
1
8
4
2
1
(1226, 1205)
12
6
3
1
12
6
3
1
(821, 808)
8
4
2
1
8
4
2
1
(226, 205)
2
1
0
2
1
0
(226, 203)
2
1
0
2
1
0
(222, 205)
2
1
0
2
1
0
(222, 203)
2
1
0
2
1
0
(223, 212)
2
1
0
2
1
0
(213, 212)
2
1
0
2
1
0
(320, 307)
3
1
0
3
1
0
(315, 308)
3
1
0
3
1
0
(528, 503)
5
2
1
0
5
2
1
0
(526, 501)
5
2
1
0
5
2
1
0
(928, 911)
9
4
2
1
9
4
2
1
FOUND PART OF OBJECTIVE!! next state:  (28, 12) 	 objective corner:  (28, 12) 	 at:  (928, 911) 	 pointing:  8
[1, 0, 0, 1]
(927, 910)
9
4
2
1
9
4
2
1
(418, 410)
4
2
1
0
4
2
1
0
(416, 412)
4
2
1
0
4
2
1
0
(1222, 1212)
12
6
3
1
12
6
3
1
(418, 406)
4
2
1
0
4
2
1
0
(816, 810)
8
4
2
1
8
4
2
1
(814, 810)
8
4
2
1
8
4
2
1
(1226, 1204)
12
6
3
1
12
6
3
1
(820, 808)
8
4
2
1
8
4
2
1
(226, 206)
2
1
0
2
1
0
(222, 206)
2
1
0
2
1
0
(222, 202)
2
1
0
2
1
0
(224, 212)
2
1
0
2
1
0
(320, 308)
3
1
0
3
1
0
(316, 308)
3
1
0
3
1
0
(528, 504)
5
2
1
0
5
2
1
0
(525, 501)
5
2
1
0
5
2
1
0
(926, 910)
9
4
2
1
9
4
2
1
(418, 409)
4
2
1
0
4
2
1
0
(419, 410)
4
2
1
0
4
2
1
0
(415, 412)
4
2
1
0
4
2
1
0
(1221, 1212)
12
6
3
1
12
6
3
1
(418, 405)
4
2
1
0
4
2
1
0
(417, 406)
4
2
1
0
4
2
1
0
(813, 810)
8
4
2
1
8
4
2
1
(1226, 1203)
12
6
3
1
12
6
3
1
(1225, 1204)
12
6
3
1
12
6
3
1
(820, 807)
8
4
2
1
8
4
2
1
(227, 206)
2
1
0
2
1
0
(222, 201)
2
1
0
2
1
0
(221, 202)
2
1
0
2
1
0
(225, 212)
2
1
0
2
1
0
(321, 308)
3
1
0
3
1
0
(317, 308)
3
1
0
3
1
0
(528, 505)
5
2
1
0
5
2
1
0
(524, 501)
5
2
1
0
5
2
1
0
(926, 911)
9
4
2
1
9
4
2
1
(926, 909)
9
4
2
1
9
4
2
1
(418, 408)
4
2
1
0
4
2
1
0
(420, 410)
4
2
1
0
4
2
1
0
(414, 412)
4
2
1
0
4
2
1
0
(1220, 1212)
12
6
3
1
12
6
3
1
(418, 404)
4
2
1
0
4
2
1
0
(416, 406)
4
2
1
0
4
2
1
0
(812, 810)
8
4
2
1
8
4
2
1
(1224, 1204)
12
6
3
1
12
6
3
1
(820, 806)
8
4
2
1
8
4
2
1
(228, 206)
2
1
0
2
1
0
(220, 202)
2
1
0
2
1
0
(226, 212)
2
1
0
2
1
0
(322, 308)
3
1
0
3
1
0
(318, 308)
3
1
0
3
1
0
(528, 506)
5
2
1
0
5
2
1
0
(524, 502)
5
2
1
0
5
2
1
0
(926, 912)
9
4
2
1
9
4
2
1
(926, 908)
9
4
2
1
9
4
2
1
(417, 408)
4
2
1
0
4
2
1
0
(421, 410)
4
2
1
0
4
2
1
0
(413, 412)
4
2
1
0
4
2
1
0
(1219, 1212)
12
6
3
1
12
6
3
1
(418, 403)
4
2
1
0
4
2
1
0
(419, 404)
4
2
1
0
4
2
1
0
(417, 404)
4
2
1
0
4
2
1
0
(811, 810)
8
4
2
1
8
4
2
1
(1224, 1205)
12
6
3
1
12
6
3
1
(1223, 1204)
12
6
3
1
12
6
3
1
(819, 806)
8
4
2
1
8
4
2
1
(228, 207)
2
1
0
2
1
0
(228, 205)
2
1
0
2
1
0
(226, 211)
2
1
0
2
1
0
(323, 308)
3
1
0
3
1
0
(318, 309)
3
1
0
3
1
0
(528, 507)
5
2
1
0
5
2
1
0
(527, 506)
5
2
1
0
5
2
1
0
(925, 912)
9
4
2
1
9
4
2
1
(927, 908)
9
4
2
1
9
4
2
1
(416, 408)
4
2
1
0
4
2
1
0
(422, 410)
4
2
1
0
4
2
1
0
(1218, 1212)
12
6
3
1
12
6
3
1
(418, 402)
4
2
1
0
4
2
1
0
(420, 404)
4
2
1
0
4
2
1
0
(416, 404)
4
2
1
0
4
2
1
0
(811, 811)
8
4
2
1
8
4
2
1
(811, 809)
8
4
2
1
8
4
2
1
(810, 810)
8
4
2
1
8
4
2
1
(1224, 1206)
12
6
3
1
12
6
3
1
(1222, 1204)
12
6
3
1
12
6
3
1
(818, 806)
8
4
2
1
8
4
2
1
(228, 208)
2
1
0
2
1
0
(228, 204)
2
1
0
2
1
0
(226, 210)
2
1
0
2
1
0
(324, 308)
3
1
0
3
1
0
(318, 310)
3
1
0
3
1
0
(528, 508)
5
2
1
0
5
2
1
0
(526, 506)
5
2
1
0
5
2
1
0
(924, 912)
9
4
2
1
9
4
2
1
(928, 908)
9
4
2
1
9
4
2
1
(415, 408)
4
2
1
0
4
2
1
0
(1218, 1211)
12
6
3
1
12
6
3
1
(1217, 1212)
12
6
3
1
12
6
3
1
(418, 401)
4
2
1
0
4
2
1
0
(416, 403)
4
2
1
0
4
2
1
0
(811, 812)
8
4
2
1
8
4
2
1
(811, 808)
8
4
2
1
8
4
2
1
(809, 810)
8
4
2
1
8
4
2
1
(1224, 1207)
12
6
3
1
12
6
3
1
(1222, 1205)
12
6
3
1
12
6
3
1
(1222, 1203)
12
6
3
1
12
6
3
1
(818, 805)
8
4
2
1
8
4
2
1
(817, 806)
8
4
2
1
8
4
2
1
(227, 208)
2
1
0
2
1
0
(228, 203)
2
1
0
2
1
0
(226, 209)
2
1
0
2
1
0
(227, 210)
2
1
0
2
1
0
(324, 309)
3
1
0
3
1
0
(324, 307)
3
1
0
3
1
0
(318, 311)
3
1
0
3
1
0
(319, 310)
3
1
0
3
1
0
(527, 508)
5
2
1
0
5
2
1
0
(526, 505)
5
2
1
0
5
2
1
0
(923, 912)
9
4
2
1
9
4
2
1
(928, 907)
9
4
2
1
9
4
2
1
(415, 409)
4
2
1
0
4
2
1
0
(1218, 1210)
12
6
3
1
12
6
3
1
(1216, 1212)
12
6
3
1
12
6
3
1
(416, 402)
4
2
1
0
4
2
1
0
(811, 807)
8
4
2
1
8
4
2
1
(812, 808)
8
4
2
1
8
4
2
1
(809, 811)
8
4
2
1
8
4
2
1
(1224, 1208)
12
6
3
1
12
6
3
1
(1222, 1206)
12
6
3
1
12
6
3
1
(1222, 1202)
12
6
3
1
12
6
3
1
(818, 804)
8
4
2
1
8
4
2
1
(816, 806)
8
4
2
1
8
4
2
1
(226, 208)
2
1
0
2
1
0
(228, 202)
2
1
0
2
1
0
FOUND PART OF OBJECTIVE!! next state:  (28, 1) 	 objective corner:  (28, 1) 	 at:  (228, 202) 	 pointing:  4
[0, 1, 1, 0]
(228, 210)
2
1
0
2
1
0
(324, 310)
3
1
0
3
1
0
(324, 306)
3
1
0
3
1
0
(318, 312)
3
1
0
3
1
0
(320, 310)
3
1
0
3
1
0
(526, 508)
5
2
1
0
5
2
1
0
(526, 504)
5
2
1
0
5
2
1
0
(922, 912)
9
4
2
1
9
4
2
1
(928, 906)
9
4
2
1
9
4
2
1
(415, 410)
4
2
1
0
4
2
1
0
(1218, 1209)
12
6
3
1
12
6
3
1
(1219, 1210)
12
6
3
1
12
6
3
1
(1215, 1212)
12
6
3
1
12
6
3
1
(416, 401)
4
2
1
0
4
2
1
0
(415, 402)
4
2
1
0
4
2
1
0
(811, 806)
8
4
2
1
8
4
2
1
(813, 808)
8
4
2
1
8
4
2
1
(809, 812)
8
4
2
1
8
4
2
1
(1224, 1209)
12
6
3
1
12
6
3
1
(1223, 1208)
12
6
3
1
12
6
3
1
(1222, 1201)
12
6
3
1
12
6
3
1
(1221, 1202)
12
6
3
1
12
6
3
1
(818, 803)
8
4
2
1
8
4
2
1
(819, 804)
8
4
2
1
8
4
2
1
(817, 804)
8
4
2
1
8
4
2
1
(628, 601)
6
3
1
0
6
3
1
0
(228, 211)
2
1
0
2
1
0
FOUND PART OF OBJECTIVE!! next state:  (28, 12) 	 objective corner:  (28, 12) 	 at:  (228, 211) 	 pointing:  8
[0, 1, 0, 1]
(324, 305)
3
1
0
3
1
0
(319, 312)
3
1
0
3
1
0
(317, 312)
3
1
0
3
1
0
(321, 310)
3
1
0
3
1
0
(526, 509)
5
2
1
0
5
2
1
0
(526, 503)
5
2
1
0
5
2
1
0
(525, 504)
5
2
1
0
5
2
1
0
(921, 912)
9
4
2
1
9
4
2
1
(928, 905)
9
4
2
1
9
4
2
1
(927, 906)
9
4
2
1
9
4
2
1
(416, 410)
4
2
1
0
4
2
1
0
(414, 410)
4
2
1
0
4
2
1
0
(1218, 1208)
12
6
3
1
12
6
3
1
(1220, 1210)
12
6
3
1
12
6
3
1
(1214, 1212)
12
6
3
1
12
6
3
1
(415, 401)
4
2
1
0
4
2
1
0
(414, 402)
4
2
1
0
4
2
1
0
(812, 806)
8
4
2
1
8
4
2
1
(810, 806)
8
4
2
1
8
4
2
1
(1224, 1210)
12
6
3
1
12
6
3
1
(1222, 1208)
12
6
3
1
12
6
3
1
(1220, 1202)
12
6
3
1
12
6
3
1
(818, 802)
8
4
2
1
8
4
2
1
(820, 804)
8
4
2
1
8
4
2
1
(816, 804)
8
4
2
1
8
4
2
1
(628, 602)
6
3
1
0
6
3
1
0
FOUND PART OF OBJECTIVE!! next state:  (28, 1) 	 objective corner:  (28, 1) 	 at:  (628, 602) 	 pointing:  4
[0, 1, 1, 0]
(627, 601)
6
3
1
0
6
3
1
0
FOUND PART OF OBJECTIVE!! next state:  (28, 1) 	 objective corner:  (28, 1) 	 at:  (627, 601) 	 pointing:  4
[0, 1, 1, 0]
(1028, 1012)
10
5
2
1
10
5
2
1
(1028, 1010)
10
5
2
1
10
5
2
1
(324, 304)
3
1
0
3
1
0
(320, 312)
3
1
0
3
1
0
(316, 312)
3
1
0
3
1
0
(322, 310)
3
1
0
3
1
0
(526, 510)
5
2
1
0
5
2
1
0
(524, 504)
5
2
1
0
5
2
1
0
(920, 912)
9
4
2
1
9
4
2
1
(928, 904)
9
4
2
1
9
4
2
1
(926, 906)
9
4
2
1
9
4
2
1
(413, 410)
4
2
1
0
4
2
1
0
(1217, 1208)
12
6
3
1
12
6
3
1
(1221, 1210)
12
6
3
1
12
6
3
1
(1213, 1212)
12
6
3
1
12
6
3
1
(414, 401)
4
2
1
0
4
2
1
0
(413, 402)
4
2
1
0
4
2
1
0
(813, 806)
8
4
2
1
8
4
2
1
(809, 806)
8
4
2
1
8
4
2
1
(1221, 1208)
12
6
3
1
12
6
3
1
(818, 801)
8
4
2
1
8
4
2
1
(816, 803)
8
4
2
1
8
4
2
1
(628, 603)
6
3
1
0
6
3
1
0
(626, 601)
6
3
1
0
6
3
1
0
(1028, 1011)
10
5
2
1
10
5
2
1
FOUND PART OF OBJECTIVE!! next state:  (28, 12) 	 objective corner:  (28, 12) 	 at:  (1028, 1011) 	 pointing:  8
[0, 1, 0, 1]
(1027, 1010)
10
5
2
1
10
5
2
1
(325, 304)
3
1
0
3
1
0
(323, 304)
3
1
0
3
1
0
(321, 312)
3
1
0
3
1
0
(315, 312)
3
1
0
3
1
0
(526, 511)
5
2
1
0
5
2
1
0
(527, 510)
5
2
1
0
5
2
1
0
(524, 505)
5
2
1
0
5
2
1
0
(523, 504)
5
2
1
0
5
2
1
0
(919, 912)
9
4
2
1
9
4
2
1
(928, 903)
9
4
2
1
9
4
2
1
(926, 905)
9
4
2
1
9
4
2
1
(412, 410)
4
2
1
0
4
2
1
0
(1216, 1208)
12
6
3
1
12
6
3
1
(1222, 1210)
12
6
3
1
12
6
3
1
(413, 401)
4
2
1
0
4
2
1
0
(412, 402)
4
2
1
0
4
2
1
0
(813, 805)
8
4
2
1
8
4
2
1
(809, 807)
8
4
2
1
8
4
2
1
(1220, 1208)
12
6
3
1
12
6
3
1
(816, 802)
8
4
2
1
8
4
2
1
(628, 604)
6
3
1
0
6
3
1
0
(625, 601)
6
3
1
0
6
3
1
0
(1026, 1010)
10
5
2
1
10
5
2
1
(326, 304)
3
1
0
3
1
0
(322, 304)
3
1
0
3
1
0
(322, 312)
3
1
0
3
1
0
(314, 312)
3
1
0
3
1
0
(526, 512)
5
2
1
0
5
2
1
0
(528, 510)
5
2
1
0
5
2
1
0
(524, 506)
5
2
1
0
5
2
1
0
(522, 504)
5
2
1
0
5
2
1
0
(918, 912)
9
4
2
1
9
4
2
1
(928, 902)
9
4
2
1
9
4
2
1
FOUND PART OF OBJECTIVE!! next state:  (28, 1) 	 objective corner:  (28, 1) 	 at:  (928, 902) 	 pointing:  4
[1, 0, 1, 1]
(926, 904)
9
4
2
1
9
4
2
1
(411, 410)
4
2
1
0
4
2
1
0
(1215, 1208)
12
6
3
1
12
6
3
1
(412, 401)
4
2
1
0
4
2
1
0
(411, 402)
4
2
1
0
4
2
1
0
(813, 804)
8
4
2
1
8
4
2
1
(809, 808)
8
4
2
1
8
4
2
1
(1220, 1207)
12
6
3
1
12
6
3
1
(816, 801)
8
4
2
1
8
4
2
1
(815, 802)
8
4
2
1
8
4
2
1
(628, 605)
6
3
1
0
6
3
1
0
(624, 601)
6
3
1
0
6
3
1
0
(1026, 1011)
10
5
2
1
10
5
2
1
(1026, 1009)
10
5
2
1
10
5
2
1
(326, 305)
3
1
0
3
1
0
(326, 303)
3
1
0
3
1
0
(322, 305)
3
1
0
3
1
0
(322, 303)
3
1
0
3
1
0
(323, 312)
3
1
0
3
1
0
(313, 312)
3
1
0
3
1
0
(525, 512)
5
2
1
0
5
2
1
0
(528, 511)
5
2
1
0
5
2
1
0
FOUND PART OF OBJECTIVE!! next state:  (28, 12) 	 objective corner:  (28, 12) 	 at:  (528, 511) 	 pointing:  8
[1, 0, 1, 1]
(524, 507)
5
2
1
0
5
2
1
0
(522, 505)
5
2
1
0
5
2
1
0
(522, 503)
5
2
1
0
5
2
1
0
(918, 911)
9
4
2
1
9
4
2
1
(917, 912)
9
4
2
1
9
4
2
1
(1328, 1301)
13
6
3
1
13
6
3
1
(926, 903)
9
4
2
1
9
4
2
1
(925, 904)
9
4
2
1
9
4
2
1
(411, 411)
4
2
1
0
4
2
1
0
(411, 409)
4
2
1
0
4
2
1
0
(410, 410)
4
2
1
0
4
2
1
0
(1215, 1209)
12
6
3
1
12
6
3
1
(411, 401)
4
2
1
0
4
2
1
0
(411, 403)
4
2
1
0
4
2
1
0
(812, 804)
8
4
2
1
8
4
2
1
(1220, 1206)
12
6
3
1
12
6
3
1
(815, 801)
8
4
2
1
8
4
2
1
(814, 802)
8
4
2
1
8
4
2
1
(628, 606)
6
3
1
0
6
3
1
0
(624, 602)
6
3
1
0
6
3
1
0
(1026, 1012)
10
5
2
1
10
5
2
1
(1026, 1008)
10
5
2
1
10
5
2
1
(326, 306)
3
1
0
3
1
0
(322, 306)
3
1
0
3
1
0
(322, 302)
3
1
0
3
1
0
(324, 312)
3
1
0
3
1
0
(524, 512)
5
2
1
0
5
2
1
0
(1328, 1312)
13
6
3
1
13
6
3
1
(1328, 1310)
13
6
3
1
13
6
3
1
(524, 508)
5
2
1
0
5
2
1
0
(522, 506)
5
2
1
0
5
2
1
0
(522, 502)
5
2
1
0
5
2
1
0
(918, 910)
9
4
2
1
9
4
2
1
(916, 912)
9
4
2
1
9
4
2
1
(1328, 1302)
13
6
3
1
13
6
3
1
FOUND PART OF OBJECTIVE!! next state:  (28, 1) 	 objective corner:  (28, 1) 	 at:  (1328, 1302) 	 pointing:  4
[1, 0, 1, 1]
(1327, 1301)
13
6
3
1
13
6
3
1
FOUND PART OF OBJECTIVE!! next state:  (28, 1) 	 objective corner:  (28, 1) 	 at:  (1327, 1301) 	 pointing:  4
[1, 0, 1, 1]
(924, 904)
9
4
2
1
9
4
2
1
(411, 412)
4
2
1
0
4
2
1
0
(411, 408)
4
2
1
0
4
2
1
0
(409, 410)
4
2
1
0
4
2
1
0
(1215, 1210)
12
6
3
1
12
6
3
1
(411, 404)
4
2
1
0
4
2
1
0
(811, 804)
8
4
2
1
8
4
2
1
(1219, 1206)
12
6
3
1
12
6
3
1
(814, 801)
8
4
2
1
8
4
2
1
(813, 802)
8
4
2
1
8
4
2
1
(628, 607)
6
3
1
0
6
3
1
0
(627, 606)
6
3
1
0
6
3
1
0
(1025, 1012)
10
5
2
1
10
5
2
1
(1027, 1008)
10
5
2
1
10
5
2
1
(327, 306)
3
1
0
3
1
0
(322, 301)
3
1
0
3
1
0
(321, 302)
3
1
0
3
1
0
(325, 312)
3
1
0
3
1
0
(523, 512)
5
2
1
0
5
2
1
0
(1328, 1311)
13
6
3
1
13
6
3
1
FOUND PART OF OBJECTIVE!! next state:  (28, 12) 	 objective corner:  (28, 12) 	 at:  (1328, 1311) 	 pointing:  8
[1, 0, 1, 1]
(1327, 1310)
13
6
3
1
13
6
3
1
(524, 509)
5
2
1
0
5
2
1
0
(523, 508)
5
2
1
0
5
2
1
0
(522, 501)
5
2
1
0
5
2
1
0
(521, 502)
5
2
1
0
5
2
1
0
(918, 909)
9
4
2
1
9
4
2
1
(919, 910)
9
4
2
1
9
4
2
1
(915, 912)
9
4
2
1
9
4
2
1
(1328, 1303)
13
6
3
1
13
6
3
1
(1326, 1301)
13
6
3
1
13
6
3
1
(924, 905)
9
4
2
1
9
4
2
1
(923, 904)
9
4
2
1
9
4
2
1
(411, 407)
4
2
1
0
4
2
1
0
(412, 408)
4
2
1
0
4
2
1
0
(409, 411)
4
2
1
0
4
2
1
0
(1216, 1210)
12
6
3
1
12
6
3
1
(1214, 1210)
12
6
3
1
12
6
3
1
(412, 404)
4
2
1
0
4
2
1
0
(410, 404)
4
2
1
0
4
2
1
0
(811, 803)
8
4
2
1
8
4
2
1
(810, 804)
8
4
2
1
8
4
2
1
(1218, 1206)
12
6
3
1
12
6
3
1
(813, 801)
8
4
2
1
8
4
2
1
(812, 802)
8
4
2
1
8
4
2
1
(628, 608)
6
3
1
0
6
3
1
0
(626, 606)
6
3
1
0
6
3
1
0
(1024, 1012)
10
5
2
1
10
5
2
1
(1028, 1008)
10
5
2
1
10
5
2
1
(328, 306)
3
1
0
3
1
0
(320, 302)
3
1
0
3
1
0
(326, 312)
3
1
0
3
1
0
(522, 512)
5
2
1
0
5
2
1
0
(1326, 1310)
13
6
3
1
13
6
3
1
(524, 510)
5
2
1
0
5
2
1
0
(522, 508)
5
2
1
0
5
2
1
0
(520, 502)
5
2
1
0
5
2
1
0
(918, 908)
9
4
2
1
9
4
2
1
(920, 910)
9
4
2
1
9
4
2
1
(914, 912)
9
4
2
1
9
4
2
1
(1328, 1304)
13
6
3
1
13
6
3
1
(1325, 1301)
13
6
3
1
13
6
3
1
(924, 906)
9
4
2
1
9
4
2
1
(922, 904)
9
4
2
1
9
4
2
1
(411, 406)
4
2
1
0
4
2
1
0
(413, 408)
4
2
1
0
4
2
1
0
(409, 412)
4
2
1
0
4
2
1
0
(1213, 1210)
12
6
3
1
12
6
3
1
(413, 404)
4
2
1
0
4
2
1
0
(409, 404)
4
2
1
0
4
2
1
0
(811, 802)
8
4
2
1
8
4
2
1
(809, 804)
8
4
2
1
8
4
2
1
(1218, 1205)
12
6
3
1
12
6
3
1
(1217, 1206)
12
6
3
1
12
6
3
1
(812, 801)
8
4
2
1
8
4
2
1
(627, 608)
6
3
1
0
6
3
1
0
(626, 605)
6
3
1
0
6
3
1
0
(1023, 1012)
10
5
2
1
10
5
2
1
(1028, 1007)
10
5
2
1
10
5
2
1
(328, 307)
3
1
0
3
1
0
(328, 305)
3
1
0
3
1
0
(326, 311)
3
1
0
3
1
0
(521, 512)
5
2
1
0
5
2
1
0
(1326, 1311)
13
6
3
1
13
6
3
1
(1326, 1309)
13
6
3
1
13
6
3
1
(521, 508)
5
2
1
0
5
2
1
0
(917, 908)
9
4
2
1
9
4
2
1
(921, 910)
9
4
2
1
9
4
2
1
(913, 912)
9
4
2
1
9
4
2
1
(1328, 1305)
13
6
3
1
13
6
3
1
(1324, 1301)
13
6
3
1
13
6
3
1
(924, 907)
9
4
2
1
9
4
2
1
(922, 905)
9
4
2
1
9
4
2
1
(922, 903)
9
4
2
1
9
4
2
1
(412, 406)
4
2
1
0
4
2
1
0
(410, 406)
4
2
1
0
4
2
1
0
(1212, 1210)
12
6
3
1
12
6
3
1
(413, 405)
4
2
1
0
4
2
1
0
(409, 403)
4
2
1
0
4
2
1
0
(408, 404)
4
2
1
0
4
2
1
0
(811, 801)
8
4
2
1
8
4
2
1
(809, 803)
8
4
2
1
8
4
2
1
(808, 804)
8
4
2
1
8
4
2
1
(1218, 1204)
12
6
3
1
12
6
3
1
(1216, 1206)
12
6
3
1
12
6
3
1
(626, 608)
6
3
1
0
6
3
1
0
(626, 604)
6
3
1
0
6
3
1
0
(1022, 1012)
10
5
2
1
10
5
2
1
(1028, 1006)
10
5
2
1
10
5
2
1
(328, 308)
3
1
0
3
1
0
(328, 304)
3
1
0
3
1
0
(326, 310)
3
1
0
3
1
0
(520, 512)
5
2
1
0
5
2
1
0
(1326, 1312)
13
6
3
1
13
6
3
1
(1326, 1308)
13
6
3
1
13
6
3
1
(520, 508)
5
2
1
0
5
2
1
0
(916, 908)
9
4
2
1
9
4
2
1
(922, 910)
9
4
2
1
9
4
2
1
(1328, 1306)
13
6
3
1
13
6
3
1
(1324, 1302)
13
6
3
1
13
6
3
1
(924, 908)
9
4
2
1
9
4
2
1
(922, 906)
9
4
2
1
9
4
2
1
(922, 902)
9
4
2
1
9
4
2
1
(413, 406)
4
2
1
0
4
2
1
0
(409, 406)
4
2
1
0
4
2
1
0
(1211, 1210)
12
6
3
1
12
6
3
1
(409, 402)
4
2
1
0
4
2
1
0
(407, 404)
4
2
1
0
4
2
1
0
(809, 802)
8
4
2
1
8
4
2
1
(807, 804)
8
4
2
1
8
4
2
1
(1218, 1203)
12
6
3
1
12
6
3
1
(1219, 1204)
12
6
3
1
12
6
3
1
(1217, 1204)
12
6
3
1
12
6
3
1
(626, 609)
6
3
1
0
6
3
1
0
(626, 603)
6
3
1
0
6
3
1
0
(625, 604)
6
3
1
0
6
3
1
0
(1021, 1012)
10
5
2
1
10
5
2
1
(1028, 1005)
10
5
2
1
10
5
2
1
(1027, 1006)
10
5
2
1
10
5
2
1
(327, 308)
3
1
0
3
1
0
(328, 303)
3
1
0
3
1
0
(326, 309)
3
1
0
3
1
0
(327, 310)
3
1
0
3
1
0
(519, 512)
5
2
1
0
5
2
1
0
(1325, 1312)
13
6
3
1
13
6
3
1
(1327, 1308)
13
6
3
1
13
6
3
1
(520, 507)
5
2
1
0
5
2
1
0
(915, 908)
9
4
2
1
9
4
2
1
(1328, 1307)
13
6
3
1
13
6
3
1
(1327, 1306)
13
6
3
1
13
6
3
1
(924, 909)
9
4
2
1
9
4
2
1
(923, 908)
9
4
2
1
9
4
2
1
(922, 901)
9
4
2
1
9
4
2
1
(921, 902)
9
4
2
1
9
4
2
1
(409, 407)
4
2
1
0
4
2
1
0
(1211, 1211)
12
6
3
1
12
6
3
1
(1211, 1209)
12
6
3
1
12
6
3
1
(1210, 1210)
12
6
3
1
12
6
3
1
(408, 402)
4
2
1
0
4
2
1
0
(406, 404)
4
2
1
0
4
2
1
0
(808, 802)
8
4
2
1
8
4
2
1
(806, 804)
8
4
2
1
8
4
2
1
(1218, 1202)
12
6
3
1
12
6
3
1
(1220, 1204)
12
6
3
1
12
6
3
1
(1216, 1204)
12
6
3
1
12
6
3
1
(626, 610)
6
3
1
0
6
3
1
0
(624, 604)
6
3
1
0
6
3
1
0
(1020, 1012)
10
5
2
1
10
5
2
1
(1028, 1004)
10
5
2
1
10
5
2
1
(1026, 1006)
10
5
2
1
10
5
2
1
(326, 308)
3
1
0
3
1
0
(328, 302)
3
1
0
3
1
0
FOUND PART OF OBJECTIVE!! next state:  (28, 1) 	 objective corner:  (28, 1) 	 at:  (328, 302) 	 pointing:  4
[1, 1, 1, 0]
(328, 310)
3
1
0
3
1
0
(518, 512)
5
2
1
0
5
2
1
0
(1324, 1312)
13
6
3
1
13
6
3
1
(1328, 1308)
13
6
3
1
13
6
3
1
(520, 506)
5
2
1
0
5
2
1
0
(915, 909)
9
4
2
1
9
4
2
1
(1326, 1306)
13
6
3
1
13
6
3
1
(924, 910)
9
4
2
1
9
4
2
1
(922, 908)
9
4
2
1
9
4
2
1
(920, 902)
9
4
2
1
9
4
2
1
(409, 408)
4
2
1
0
4
2
1
0
(1211, 1212)
12
6
3
1
12
6
3
1
(1211, 1208)
12
6
3
1
12
6
3
1
(1209, 1210)
12
6
3
1
12
6
3
1
(407, 402)
4
2
1
0
4
2
1
0
(405, 404)
4
2
1
0
4
2
1
0
(807, 802)
8
4
2
1
8
4
2
1
(805, 804)
8
4
2
1
8
4
2
1
(1218, 1201)
12
6
3
1
12
6
3
1
(1216, 1203)
12
6
3
1
12
6
3
1
(626, 611)
6
3
1
0
6
3
1
0
(627, 610)
6
3
1
0
6
3
1
0
(624, 605)
6
3
1
0
6
3
1
0
(623, 604)
6
3
1
0
6
3
1
0
(1019, 1012)
10
5
2
1
10
5
2
1
(1028, 1003)
10
5
2
1
10
5
2
1
(1026, 1005)
10
5
2
1
10
5
2
1
(728, 701)
7
3
1
0
7
3
1
0
(328, 311)
3
1
0
3
1
0
FOUND PART OF OBJECTIVE!! next state:  (28, 12) 	 objective corner:  (28, 12) 	 at:  (328, 311) 	 pointing:  8
[1, 1, 0, 1]
(518, 511)
5
2
1
0
5
2
1
0
(517, 512)
5
2
1
0
5
2
1
0
(1323, 1312)
13
6
3
1
13
6
3
1
(519, 506)
5
2
1
0
5
2
1
0
(915, 910)
9
4
2
1
9
4
2
1
(1326, 1305)
13
6
3
1
13
6
3
1
(921, 908)
9
4
2
1
9
4
2
1
(1211, 1207)
12
6
3
1
12
6
3
1
(1212, 1208)
12
6
3
1
12
6
3
1
(1209, 1211)
12
6
3
1
12
6
3
1
(406, 402)
4
2
1
0
4
2
1
0
(405, 405)
4
2
1
0
4
2
1
0
(404, 404)
4
2
1
0
4
2
1
0
(806, 802)
8
4
2
1
8
4
2
1
(805, 805)
8
4
2
1
8
4
2
1
(804, 804)
8
4
2
1
8
4
2
1
(1216, 1202)
12
6
3
1
12
6
3
1
(626, 612)
6
3
1
0
6
3
1
0
(628, 610)
6
3
1
0
6
3
1
0
(624, 606)
6
3
1
0
6
3
1
0
(622, 604)
6
3
1
0
6
3
1
0
(1018, 1012)
10
5
2
1
10
5
2
1
(1028, 1002)
10
5
2
1
10
5
2
1
FOUND PART OF OBJECTIVE!! next state:  (28, 1) 	 objective corner:  (28, 1) 	 at:  (1028, 1002) 	 pointing:  4
[0, 1, 1, 1]
(1026, 1004)
10
5
2
1
10
5
2
1
(728, 702)
7
3
1
0
7
3
1
0
FOUND PART OF OBJECTIVE!! next state:  (28, 1) 	 objective corner:  (28, 1) 	 at:  (728, 702) 	 pointing:  4
[1, 1, 1, 0]
(727, 701)
7
3
1
0
7
3
1
0
FOUND PART OF OBJECTIVE!! next state:  (28, 1) 	 objective corner:  (28, 1) 	 at:  (727, 701) 	 pointing:  4
[1, 1, 1, 0]
(1128, 1112)
11
5
2
1
11
5
2
1
(1128, 1110)
11
5
2
1
11
5
2
1
(518, 510)
5
2
1
0
5
2
1
0
(516, 512)
5
2
1
0
5
2
1
0
(1322, 1312)
13
6
3
1
13
6
3
1
(518, 506)
5
2
1
0
5
2
1
0
(916, 910)
9
4
2
1
9
4
2
1
(914, 910)
9
4
2
1
9
4
2
1
(1326, 1304)
13
6
3
1
13
6
3
1
(920, 908)
9
4
2
1
9
4
2
1
(1211, 1206)
12
6
3
1
12
6
3
1
(1213, 1208)
12
6
3
1
12
6
3
1
(1209, 1212)
12
6
3
1
12
6
3
1
(405, 402)
4
2
1
0
4
2
1
0
(405, 406)
4
2
1
0
4
2
1
0
(403, 404)
4
2
1
0
4
2
1
0
(805, 802)
8
4
2
1
8
4
2
1
(805, 806)
8
4
2
1
8
4
2
1
(803, 804)
8
4
2
1
8
4
2
1
(1216, 1201)
12
6
3
1
12
6
3
1
(1215, 1202)
12
6
3
1
12
6
3
1
(625, 612)
6
3
1
0
6
3
1
0
(628, 611)
6
3
1
0
6
3
1
0
FOUND PART OF OBJECTIVE!! next state:  (28, 12) 	 objective corner:  (28, 12) 	 at:  (628, 611) 	 pointing:  8
[0, 1, 1, 1]
(624, 607)
6
3
1
0
6
3
1
0
(622, 605)
6
3
1
0
6
3
1
0
(622, 603)
6
3
1
0
6
3
1
0
(1018, 1011)
10
5
2
1
10
5
2
1
(1017, 1012)
10
5
2
1
10
5
2
1
(1428, 1401)
14
7
3
1
14
7
3
1
(1026, 1003)
10
5
2
1
10
5
2
1
(1025, 1004)
10
5
2
1
10
5
2
1
(728, 703)
7
3
1
0
7
3
1
0
(726, 701)
7
3
1
0
7
3
1
0
(1128, 1111)
11
5
2
1
11
5
2
1
FOUND PART OF OBJECTIVE!! next state:  (28, 12) 	 objective corner:  (28, 12) 	 at:  (1128, 1111) 	 pointing:  8
[1, 1, 0, 1]
(1127, 1110)
11
5
2
1
11
5
2
1
(518, 509)
5
2
1
0
5
2
1
0
(519, 510)
5
2
1
0
5
2
1
0
(515, 512)
5
2
1
0
5
2
1
0
(1321, 1312)
13
6
3
1
13
6
3
1
(518, 505)
5
2
1
0
5
2
1
0
(517, 506)
5
2
1
0
5
2
1
0
(913, 910)
9
4
2
1
9
4
2
1
(1326, 1303)
13
6
3
1
13
6
3
1
(1325, 1304)
13
6
3
1
13
6
3
1
(920, 907)
9
4
2
1
9
4
2
1
(1212, 1206)
12
6
3
1
12
6
3
1
(1210, 1206)
12
6
3
1
12
6
3
1
(405, 401)
4
2
1
0
4
2
1
0
(405, 407)
4
2
1
0
4
2
1
0
(406, 406)
4
2
1
0
4
2
1
0
(404, 406)
4
2
1
0
4
2
1
0
(403, 405)
4
2
1
0
4
2
1
0
(403, 403)
4
2
1
0
4
2
1
0
(805, 801)
8
4
2
1
8
4
2
1
(805, 807)
8
4
2
1
8
4
2
1
(806, 806)
8
4
2
1
8
4
2
1
(804, 806)
8
4
2
1
8
4
2
1
(803, 805)
8
4
2
1
8
4
2
1
(803, 803)
8
4
2
1
8
4
2
1
(1215, 1201)
12
6
3
1
12
6
3
1
(1214, 1202)
12
6
3
1
12
6
3
1
(624, 612)
6
3
1
0
6
3
1
0
(1428, 1412)
14
7
3
1
14
7
3
1
(1428, 1410)
14
7
3
1
14
7
3
1
(624, 608)
6
3
1
0
6
3
1
0
(622, 606)
6
3
1
0
6
3
1
0
(622, 602)
6
3
1
0
6
3
1
0
(1018, 1010)
10
5
2
1
10
5
2
1
(1016, 1012)
10
5
2
1
10
5
2
1
(1428, 1402)
14
7
3
1
14
7
3
1
FOUND PART OF OBJECTIVE!! next state:  (28, 1) 	 objective corner:  (28, 1) 	 at:  (1428, 1402) 	 pointing:  4
[0, 1, 1, 1]
(1427, 1401)
14
7
3
1
14
7
3
1
FOUND PART OF OBJECTIVE!! next state:  (28, 1) 	 objective corner:  (28, 1) 	 at:  (1427, 1401) 	 pointing:  4
[0, 1, 1, 1]
(1024, 1004)
10
5
2
1
10
5
2
1
(728, 704)
7
3
1
0
7
3
1
0
(725, 701)
7
3
1
0
7
3
1
0
(1126, 1110)
11
5
2
1
11
5
2
1
(518, 508)
5
2
1
0
5
2
1
0
(520, 510)
5
2
1
0
5
2
1
0
(514, 512)
5
2
1
0
5
2
1
0
(1320, 1312)
13
6
3
1
13
6
3
1
(518, 504)
5
2
1
0
5
2
1
0
(516, 506)
5
2
1
0
5
2
1
0
(912, 910)
9
4
2
1
9
4
2
1
(1324, 1304)
13
6
3
1
13
6
3
1
(920, 906)
9
4
2
1
9
4
2
1
(1213, 1206)
12
6
3
1
12
6
3
1
(1209, 1206)
12
6
3
1
12
6
3
1
(405, 408)
4
2
1
0
4
2
1
0
(407, 406)
4
2
1
0
4
2
1
0
(403, 406)
4
2
1
0
4
2
1
0
(403, 402)
4
2
1
0
4
2
1
0
(805, 808)
8
4
2
1
8
4
2
1
(807, 806)
8
4
2
1
8
4
2
1
(803, 806)
8
4
2
1
8
4
2
1
(803, 802)
8
4
2
1
8
4
2
1
(1214, 1201)
12
6
3
1
12
6
3
1
(1213, 1202)
12
6
3
1
12
6
3
1
(623, 612)
6
3
1
0
6
3
1
0
(1428, 1411)
14
7
3
1
14
7
3
1
FOUND PART OF OBJECTIVE!! next state:  (28, 12) 	 objective corner:  (28, 12) 	 at:  (1428, 1411) 	 pointing:  8
[0, 1, 1, 1]
(1427, 1410)
14
7
3
1
14
7
3
1
(624, 609)
6
3
1
0
6
3
1
0
(623, 608)
6
3
1
0
6
3
1
0
(622, 601)
6
3
1
0
6
3
1
0
(621, 602)
6
3
1
0
6
3
1
0
(1018, 1009)
10
5
2
1
10
5
2
1
(1019, 1010)
10
5
2
1
10
5
2
1
(1015, 1012)
10
5
2
1
10
5
2
1
(1428, 1403)
14
7
3
1
14
7
3
1
(1426, 1401)
14
7
3
1
14
7
3
1
(1024, 1005)
10
5
2
1
10
5
2
1
(1023, 1004)
10
5
2
1
10
5
2
1
(728, 705)
7
3
1
0
7
3
1
0
(724, 701)
7
3
1
0
7
3
1
0
(1126, 1111)
11
5
2
1
11
5
2
1
(1126, 1109)
11
5
2
1
11
5
2
1
(517, 508)
5
2
1
0
5
2
1
0
(521, 510)
5
2
1
0
5
2
1
0
(513, 512)
5
2
1
0
5
2
1
0
(1319, 1312)
13
6
3
1
13
6
3
1
(518, 503)
5
2
1
0
5
2
1
0
(519, 504)
5
2
1
0
5
2
1
0
(517, 504)
5
2
1
0
5
2
1
0
(911, 910)
9
4
2
1
9
4
2
1
(1324, 1305)
13
6
3
1
13
6
3
1
(1323, 1304)
13
6
3
1
13
6
3
1
(919, 906)
9
4
2
1
9
4
2
1
(1213, 1205)
12
6
3
1
12
6
3
1
(1209, 1207)
12
6
3
1
12
6
3
1
(405, 409)
4
2
1
0
4
2
1
0
(407, 407)
4
2
1
0
4
2
1
0
(402, 406)
4
2
1
0
4
2
1
0
(403, 401)
4
2
1
0
4
2
1
0
(402, 402)
4
2
1
0
4
2
1
0
(805, 809)
8
4
2
1
8
4
2
1
(807, 807)
8
4
2
1
8
4
2
1
(802, 806)
8
4
2
1
8
4
2
1
(803, 801)
8
4
2
1
8
4
2
1
(802, 802)
8
4
2
1
8
4
2
1
(1213, 1201)
12
6
3
1
12
6
3
1
(1212, 1202)
12
6
3
1
12
6
3
1
(622, 612)
6
3
1
0
6
3
1
0
(1426, 1410)
14
7
3
1
14
7
3
1
(624, 610)
6
3
1
0
6
3
1
0
(622, 608)
6
3
1
0
6
3
1
0
(620, 602)
6
3
1
0
6
3
1
0
(1018, 1008)
10
5
2
1
10
5
2
1
(1020, 1010)
10
5
2
1
10
5
2
1
(1014, 1012)
10
5
2
1
10
5
2
1
(1428, 1404)
14
7
3
1
14
7
3
1
(1425, 1401)
14
7
3
1
14
7
3
1
(1024, 1006)
10
5
2
1
10
5
2
1
(1022, 1004)
10
5
2
1
10
5
2
1
(728, 706)
7
3
1
0
7
3
1
0
(724, 702)
7
3
1
0
7
3
1
0
(1126, 1112)
11
5
2
1
11
5
2
1
(1126, 1108)
11
5
2
1
11
5
2
1
(516, 508)
5
2
1
0
5
2
1
0
(522, 510)
5
2
1
0
5
2
1
0
(1318, 1312)
13
6
3
1
13
6
3
1
(518, 502)
5
2
1
0
5
2
1
0
(520, 504)
5
2
1
0
5
2
1
0
(516, 504)
5
2
1
0
5
2
1
0
(911, 911)
9
4
2
1
9
4
2
1
(911, 909)
9
4
2
1
9
4
2
1
(910, 910)
9
4
2
1
9
4
2
1
(1324, 1306)
13
6
3
1
13
6
3
1
(1322, 1304)
13
6
3
1
13
6
3
1
(918, 906)
9
4
2
1
9
4
2
1
(1213, 1204)
12
6
3
1
12
6
3
1
(1209, 1208)
12
6
3
1
12
6
3
1
(405, 410)
4
2
1
0
4
2
1
0
(407, 408)
4
2
1
0
4
2
1
0
(401, 406)
4
2
1
0
4
2
1
0
(402, 401)
4
2
1
0
4
2
1
0
FOUND PART OF OBJECTIVE!! next state:  (1, 1) 	 objective corner:  (1, 1) 	 at:  (402, 401) 	 pointing:  1
[1, 0, 1, 0]
(401, 402)
4
2
1
0
4
2
1
0
FOUND PART OF OBJECTIVE!! next state:  (1, 1) 	 objective corner:  (1, 1) 	 at:  (401, 402) 	 pointing:  1
[1, 0, 1, 0]
(805, 810)
8
4
2
1
8
4
2
1
(807, 808)
8
4
2
1
8
4
2
1
(801, 806)
8
4
2
1
8
4
2
1
(802, 801)
8
4
2
1
8
4
2
1
FOUND PART OF OBJECTIVE!! next state:  (1, 1) 	 objective corner:  (1, 1) 	 at:  (802, 801) 	 pointing:  1
[1, 0, 0, 1]
(801, 802)
8
4
2
1
8
4
2
1
FOUND PART OF OBJECTIVE!! next state:  (1, 1) 	 objective corner:  (1, 1) 	 at:  (801, 802) 	 pointing:  1
[1, 0, 0, 1]
(1212, 1201)
12
6
3
1
12
6
3
1
(1211, 1202)
12
6
3
1
12
6
3
1
(621, 612)
6
3
1
0
6
3
1
0
(1426, 1411)
14
7
3
1
14
7
3
1
(1426, 1409)
14
7
3
1
14
7
3
1
(621, 608)
6
3
1
0
6
3
1
0
(1017, 1008)
10
5
2
1
10
5
2
1
(1021, 1010)
10
5
2
1
10
5
2
1
(1013, 1012)
10
5
2
1
10
5
2
1
(1428, 1405)
14
7
3
1
14
7
3
1
(1424, 1401)
14
7
3
1
14
7
3
1
(1024, 1007)
10
5
2
1
10
5
2
1
(1022, 1005)
10
5
2
1
10
5
2
1
(1022, 1003)
10
5
2
1
10
5
2
1
(728, 707)
7
3
1
0
7
3
1
0
(727, 706)
7
3
1
0
7
3
1
0
(1125, 1112)
11
5
2
1
11
5
2
1
(1127, 1108)
11
5
2
1
11
5
2
1
(515, 508)
5
2
1
0
5
2
1
0
(1318, 1311)
13
6
3
1
13
6
3
1
(1317, 1312)
13
6
3
1
13
6
3
1
(518, 501)
5
2
1
0
5
2
1
0
(516, 503)
5
2
1
0
5
2
1
0
(911, 912)
9
4
2
1
9
4
2
1
(911, 908)
9
4
2
1
9
4
2
1
(909, 910)
9
4
2
1
9
4
2
1
(1324, 1307)
13
6
3
1
13
6
3
1
(1322, 1305)
13
6
3
1
13
6
3
1
(1322, 1303)
13
6
3
1
13
6
3
1
(918, 905)
9
4
2
1
9
4
2
1
(917, 906)
9
4
2
1
9
4
2
1
(1212, 1204)
12
6
3
1
12
6
3
1
(405, 411)
4
2
1
0
4
2
1
0
(406, 410)
4
2
1
0
4
2
1
0
(404, 410)
4
2
1
0
4
2
1
0
(401, 407)
4
2
1
0
4
2
1
0
(501, 501)
5
2
1
0
5
2
1
0
(401, 403)
4
2
1
0
4
2
1
0
(502, 502)
5
2
1
0
5
2
1
0
(805, 811)
8
4
2
1
8
4
2
1
(806, 810)
8
4
2
1
8
4
2
1
(804, 810)
8
4
2
1
8
4
2
1
(801, 807)
8
4
2
1
8
4
2
1
(901, 901)
9
4
2
1
9
4
2
1
(801, 803)
8
4
2
1
8
4
2
1
(902, 902)
9
4
2
1
9
4
2
1
(1211, 1201)
12
6
3
1
12
6
3
1
(1211, 1203)
12
6
3
1
12
6
3
1
(620, 612)
6
3
1
0
6
3
1
0
(1426, 1412)
14
7
3
1
14
7
3
1
(1426, 1408)
14
7
3
1
14
7
3
1
(620, 608)
6
3
1
0
6
3
1
0
(1016, 1008)
10
5
2
1
10
5
2
1
(1022, 1010)
10
5
2
1
10
5
2
1
(1428, 1406)
14
7
3
1
14
7
3
1
(1424, 1402)
14
7
3
1
14
7
3
1
(1024, 1008)
10
5
2
1
10
5
2
1
(1022, 1006)
10
5
2
1
10
5
2
1
(1022, 1002)
10
5
2
1
10
5
2
1
(728, 708)
7
3
1
0
7
3
1
0
(726, 706)
7
3
1
0
7
3
1
0
(1124, 1112)
11
5
2
1
11
5
2
1
(1128, 1108)
11
5
2
1
11
5
2
1
(515, 509)
5
2
1
0
5
2
1
0
(1318, 1310)
13
6
3
1
13
6
3
1
(1316, 1312)
13
6
3
1
13
6
3
1
(516, 502)
5
2
1
0
5
2
1
0
(911, 907)
9
4
2
1
9
4
2
1
(912, 908)
9
4
2
1
9
4
2
1
(909, 911)
9
4
2
1
9
4
2
1
(1324, 1308)
13
6
3
1
13
6
3
1
(1322, 1306)
13
6
3
1
13
6
3
1
(1322, 1302)
13
6
3
1
13
6
3
1
(918, 904)
9
4
2
1
9
4
2
1
(916, 906)
9
4
2
1
9
4
2
1
(1211, 1204)
12
6
3
1
12
6
3
1
(405, 412)
4
2
1
0
4
2
1
0
(406, 411)
4
2
1
0
4
2
1
0
(404, 411)
4
2
1
0
4
2
1
0
(407, 410)
4
2
1
0
4
2
1
0
(403, 410)
4
2
1
0
4
2
1
0
(401, 408)
4
2
1
0
4
2
1
0
(501, 502)
5
2
1
0
5
2
1
0
FOUND PART OF OBJECTIVE!! next state:  (1, 1) 	 objective corner:  (1, 1) 	 at:  (501, 502) 	 pointing:  1
[1, 0, 1, 0]
(502, 501)
5
2
1
0
5
2
1
0
FOUND PART OF OBJECTIVE!! next state:  (1, 1) 	 objective corner:  (1, 1) 	 at:  (502, 501) 	 pointing:  1
[1, 0, 1, 0]
(401, 404)
4
2
1
0
4
2
1
0
(503, 502)
5
2
1
0
5
2
1
0
(805, 812)
8
4
2
1
8
4
2
1
(806, 811)
8
4
2
1
8
4
2
1
(804, 811)
8
4
2
1
8
4
2
1
(807, 810)
8
4
2
1
8
4
2
1
(803, 810)
8
4
2
1
8
4
2
1
(801, 808)
8
4
2
1
8
4
2
1
(901, 902)
9
4
2
1
9
4
2
1
FOUND PART OF OBJECTIVE!! next state:  (1, 1) 	 objective corner:  (1, 1) 	 at:  (901, 902) 	 pointing:  1
[1, 0, 0, 1]
(902, 901)
9
4
2
1
9
4
2
1
FOUND PART OF OBJECTIVE!! next state:  (1, 1) 	 objective corner:  (1, 1) 	 at:  (902, 901) 	 pointing:  1
[1, 0, 0, 1]
(801, 804)
8
4
2
1
8
4
2
1
(903, 902)
9
4
2
1
9
4
2
1
(619, 612)
6
3
1
0
6
3
1
0
(1425, 1412)
14
7
3
1
14
7
3
1
(1427, 1408)
14
7
3
1
14
7
3
1
(620, 607)
6
3
1
0
6
3
1
0
(1015, 1008)
10
5
2
1
10
5
2
1
(1428, 1407)
14
7
3
1
14
7
3
1
(1427, 1406)
14
7
3
1
14
7
3
1
(1024, 1009)
10
5
2
1
10
5
2
1
(1023, 1008)
10
5
2
1
10
5
2
1
(1022, 1001)
10
5
2
1
10
5
2
1
(1021, 1002)
10
5
2
1
10
5
2
1
(727, 708)
7
3
1
0
7
3
1
0
(726, 705)
7
3
1
0
7
3
1
0
(1123, 1112)
11
5
2
1
11
5
2
1
(1128, 1107)
11
5
2
1
11
5
2
1
(515, 510)
5
2
1
0
5
2
1
0
(1318, 1309)
13
6
3
1
13
6
3
1
(1319, 1310)
13
6
3
1
13
6
3
1
(1315, 1312)
13
6
3
1
13
6
3
1
(516, 501)
5
2
1
0
5
2
1
0
(515, 502)
5
2
1
0
5
2
1
0
(911, 906)
9
4
2
1
9
4
2
1
(913, 908)
9
4
2
1
9
4
2
1
(909, 912)
9
4
2
1
9
4
2
1
(1324, 1309)
13
6
3
1
13
6
3
1
(1323, 1308)
13
6
3
1
13
6
3
1
(1322, 1301)
13
6
3
1
13
6
3
1
(1321, 1302)
13
6
3
1
13
6
3
1
(918, 903)
9
4
2
1
9
4
2
1
(919, 904)
9
4
2
1
9
4
2
1
(917, 904)
9
4
2
1
9
4
2
1
(1210, 1204)
12
6
3
1
12
6
3
1
(406, 412)
4
2
1
0
4
2
1
0
(404, 412)
4
2
1
0
4
2
1
0
(407, 411)
4
2
1
0
4
2
1
0
(403, 411)
4
2
1
0
4
2
1
0
(402, 410)
4
2
1
0
4
2
1
0
(402, 408)
4
2
1
0
4
2
1
0
(501, 503)
5
2
1
0
5
2
1
0
(503, 501)
5
2
1
0
5
2
1
0
(503, 503)
5
2
1
0
5
2
1
0
(806, 812)
8
4
2
1
8
4
2
1
(804, 812)
8
4
2
1
8
4
2
1
(807, 811)
8
4
2
1
8
4
2
1
(803, 811)
8
4
2
1
8
4
2
1
(802, 810)
8
4
2
1
8
4
2
1
(802, 808)
8
4
2
1
8
4
2
1
(901, 903)
9
4
2
1
9
4
2
1
(903, 901)
9
4
2
1
9
4
2
1
(903, 903)
9
4
2
1
9
4
2
1
(618, 612)
6
3
1
0
6
3
1
0
(1424, 1412)
14
7
3
1
14
7
3
1
(1428, 1408)
14
7
3
1
14
7
3
1
(620, 606)
6
3
1
0
6
3
1
0
(1015, 1009)
10
5
2
1
10
5
2
1
(1426, 1406)
14
7
3
1
14
7
3
1
(1024, 1010)
10
5
2
1
10
5
2
1
(1022, 1008)
10
5
2
1
10
5
2
1
(1020, 1002)
10
5
2
1
10
5
2
1
(726, 708)
7
3
1
0
7
3
1
0
(726, 704)
7
3
1
0
7
3
1
0
(1122, 1112)
11
5
2
1
11
5
2
1
(1128, 1106)
11
5
2
1
11
5
2
1
(516, 510)
5
2
1
0
5
2
1
0
(514, 510)
5
2
1
0
5
2
1
0
(1318, 1308)
13
6
3
1
13
6
3
1
(1320, 1310)
13
6
3
1
13
6
3
1
(1314, 1312)
13
6
3
1
13
6
3
1
(515, 501)
5
2
1
0
5
2
1
0
(514, 502)
5
2
1
0
5
2
1
0
(912, 906)
9
4
2
1
9
4
2
1
(910, 906)
9
4
2
1
9
4
2
1
(1324, 1310)
13
6
3
1
13
6
3
1
(1322, 1308)
13
6
3
1
13
6
3
1
(1320, 1302)
13
6
3
1
13
6
3
1
(918, 902)
9
4
2
1
9
4
2
1
(920, 904)
9
4
2
1
9
4
2
1
(916, 904)
9
4
2
1
9
4
2
1
(1209, 1204)
12
6
3
1
12
6
3
1
(407, 412)
4
2
1
0
4
2
1
0
(403, 412)
4
2
1
0
4
2
1
0
(402, 411)
4
2
1
0
4
2
1
0
(401, 410)
4
2
1
0
4
2
1
0
(403, 408)
4
2
1
0
4
2
1
0
(501, 504)
5
2
1
0
5
2
1
0
(503, 504)
5
2
1
0
5
2
1
0
(807, 812)
8
4
2
1
8
4
2
1
(803, 812)
8
4
2
1
8
4
2
1
(802, 811)
8
4
2
1
8
4
2
1
(801, 810)
8
4
2
1
8
4
2
1
(803, 808)
8
4
2
1
8
4
2
1
(901, 904)
9
4
2
1
9
4
2
1
(903, 904)
9
4
2
1
9
4
2
1
(618, 611)
6
3
1
0
6
3
1
0
(617, 612)
6
3
1
0
6
3
1
0
(1423, 1412)
14
7
3
1
14
7
3
1
(619, 606)
6
3
1
0
6
3
1
0
(1015, 1010)
10
5
2
1
10
5
2
1
(1426, 1405)
14
7
3
1
14
7
3
1
(1021, 1008)
10
5
2
1
10
5
2
1
(726, 709)
7
3
1
0
7
3
1
0
(726, 703)
7
3
1
0
7
3
1
0
(725, 704)
7
3
1
0
7
3
1
0
(1121, 1112)
11
5
2
1
11
5
2
1
(1128, 1105)
11
5
2
1
11
5
2
1
(1127, 1106)
11
5
2
1
11
5
2
1
(513, 510)
5
2
1
0
5
2
1
0
(1317, 1308)
13
6
3
1
13
6
3
1
(1321, 1310)
13
6
3
1
13
6
3
1
(1313, 1312)
13
6
3
1
13
6
3
1
(514, 501)
5
2
1
0
5
2
1
0
(513, 502)
5
2
1
0
5
2
1
0
(913, 906)
9
4
2
1
9
4
2
1
(909, 906)
9
4
2
1
9
4
2
1
(1321, 1308)
13
6
3
1
13
6
3
1
(918, 901)
9
4
2
1
9
4
2
1
(916, 903)
9
4
2
1
9
4
2
1
(1209, 1203)
12
6
3
1
12
6
3
1
(1208, 1204)
12
6
3
1
12
6
3
1
(402, 412)
4
2
1
0
4
2
1
0
FOUND PART OF OBJECTIVE!! next state:  (1, 12) 	 objective corner:  (1, 12) 	 at:  (402, 412) 	 pointing:  2
[0, 1, 1, 0]
(401, 411)
4
2
1
0
4
2
1
0
FOUND PART OF OBJECTIVE!! next state:  (1, 12) 	 objective corner:  (1, 12) 	 at:  (401, 411) 	 pointing:  2
[0, 1, 1, 0]
(503, 505)
5
2
1
0
5
2
1
0
(504, 504)
5
2
1
0
5
2
1
0
(802, 812)
8
4
2
1
8
4
2
1
FOUND PART OF OBJECTIVE!! next state:  (1, 12) 	 objective corner:  (1, 12) 	 at:  (802, 812) 	 pointing:  2
[0, 1, 0, 1]
(801, 811)
8
4
2
1
8
4
2
1
FOUND PART OF OBJECTIVE!! next state:  (1, 12) 	 objective corner:  (1, 12) 	 at:  (801, 811) 	 pointing:  2
[0, 1, 0, 1]
(903, 905)
9
4
2
1
9
4
2
1
(904, 904)
9
4
2
1
9
4
2
1
(618, 610)
6
3
1
0
6
3
1
0
(616, 612)
6
3
1
0
6
3
1
0
(1422, 1412)
14
7
3
1
14
7
3
1
(618, 606)
6
3
1
0
6
3
1
0
(1016, 1010)
10
5
2
1
10
5
2
1
(1014, 1010)
10
5
2
1
10
5
2
1
(1426, 1404)
14
7
3
1
14
7
3
1
(1020, 1008)
10
5
2
1
10
5
2
1
(726, 710)
7
3
1
0
7
3
1
0
(724, 704)
7
3
1
0
7
3
1
0
(1120, 1112)
11
5
2
1
11
5
2
1
(1128, 1104)
11
5
2
1
11
5
2
1
(1126, 1106)
11
5
2
1
11
5
2
1
(512, 510)
5
2
1
0
5
2
1
0
(1316, 1308)
13
6
3
1
13
6
3
1
(1322, 1310)
13
6
3
1
13
6
3
1
(513, 501)
5
2
1
0
5
2
1
0
(512, 502)
5
2
1
0
5
2
1
0
(913, 905)
9
4
2
1
9
4
2
1
(909, 907)
9
4
2
1
9
4
2
1
(1320, 1308)
13
6
3
1
13
6
3
1
(916, 902)
9
4
2
1
9
4
2
1
(1209, 1202)
12
6
3
1
12
6
3
1
(1207, 1204)
12
6
3
1
12
6
3
1
(601, 612)
6
3
1
0
6
3
1
0
(601, 610)
6
3
1
0
6
3
1
0
(602, 611)
6
3
1
0
6
3
1
0
(503, 506)
5
2
1
0
5
2
1
0
(505, 504)
5
2
1
0
5
2
1
0
(1001, 1012)
10
5
2
1
10
5
2
1
(1001, 1010)
10
5
2
1
10
5
2
1
(1002, 1011)
10
5
2
1
10
5
2
1
(903, 906)
9
4
2
1
9
4
2
1
(905, 904)
9
4
2
1
9
4
2
1
(618, 609)
6
3
1
0
6
3
1
0
(619, 610)
6
3
1
0
6
3
1
0
(615, 612)
6
3
1
0
6
3
1
0
(1421, 1412)
14
7
3
1
14
7
3
1
(618, 605)
6
3
1
0
6
3
1
0
(617, 606)
6
3
1
0
6
3
1
0
(1013, 1010)
10
5
2
1
10
5
2
1
(1426, 1403)
14
7
3
1
14
7
3
1
(1425, 1404)
14
7
3
1
14
7
3
1
(1020, 1007)
10
5
2
1
10
5
2
1
(726, 711)
7
3
1
0
7
3
1
0
(727, 710)
7
3
1
0
7
3
1
0
(724, 705)
7
3
1
0
7
3
1
0
(723, 704)
7
3
1
0
7
3
1
0
(1119, 1112)
11
5
2
1
11
5
2
1
(1128, 1103)
11
5
2
1
11
5
2
1
(1126, 1105)
11
5
2
1
11
5
2
1
(511, 510)
5
2
1
0
5
2
1
0
(1315, 1308)
13
6
3
1
13
6
3
1
(512, 501)
5
2
1
0
5
2
1
0
(511, 502)
5
2
1
0
5
2
1
0
(913, 904)
9
4
2
1
9
4
2
1
(909, 908)
9
4
2
1
9
4
2
1
(1320, 1307)
13
6
3
1
13
6
3
1
(916, 901)
9
4
2
1
9
4
2
1
(915, 902)
9
4
2
1
9
4
2
1
(1208, 1202)
12
6
3
1
12
6
3
1
(1206, 1204)
12
6
3
1
12
6
3
1
(601, 611)
6
3
1
0
6
3
1
0
FOUND PART OF OBJECTIVE!! next state:  (1, 12) 	 objective corner:  (1, 12) 	 at:  (601, 611) 	 pointing:  2
[0, 1, 1, 0]
(602, 612)
6
3
1
0
6
3
1
0
FOUND PART OF OBJECTIVE!! next state:  (1, 12) 	 objective corner:  (1, 12) 	 at:  (602, 612) 	 pointing:  2
[0, 1, 1, 0]
(602, 610)
6
3
1
0
6
3
1
0
(603, 611)
6
3
1
0
6
3
1
0
(504, 506)
5
2
1
0
5
2
1
0
(502, 506)
5
2
1
0
5
2
1
0
(505, 505)
5
2
1
0
5
2
1
0
(506, 504)
5
2
1
0
5
2
1
0
(1001, 1011)
10
5
2
1
10
5
2
1
FOUND PART OF OBJECTIVE!! next state:  (1, 12) 	 objective corner:  (1, 12) 	 at:  (1001, 1011) 	 pointing:  2
[0, 1, 0, 1]
(1002, 1012)
10
5
2
1
10
5
2
1
FOUND PART OF OBJECTIVE!! next state:  (1, 12) 	 objective corner:  (1, 12) 	 at:  (1002, 1012) 	 pointing:  2
[0, 1, 0, 1]
(1002, 1010)
10
5
2
1
10
5
2
1
(1003, 1011)
10
5
2
1
10
5
2
1
(904, 906)
9
4
2
1
9
4
2
1
(902, 906)
9
4
2
1
9
4
2
1
(905, 905)
9
4
2
1
9
4
2
1
(906, 904)
9
4
2
1
9
4
2
1
(618, 608)
6
3
1
0
6
3
1
0
(620, 610)
6
3
1
0
6
3
1
0
(614, 612)
6
3
1
0
6
3
1
0
(1420, 1412)
14
7
3
1
14
7
3
1
(618, 604)
6
3
1
0
6
3
1
0
(616, 606)
6
3
1
0
6
3
1
0
(1012, 1010)
10
5
2
1
10
5
2
1
(1424, 1404)
14
7
3
1
14
7
3
1
(1020, 1006)
10
5
2
1
10
5
2
1
(726, 712)
7
3
1
0
7
3
1
0
(728, 710)
7
3
1
0
7
3
1
0
(724, 706)
7
3
1
0
7
3
1
0
(722, 704)
7
3
1
0
7
3
1
0
(1118, 1112)
11
5
2
1
11
5
2
1
(1128, 1102)
11
5
2
1
11
5
2
1
FOUND PART OF OBJECTIVE!! next state:  (28, 1) 	 objective corner:  (28, 1) 	 at:  (1128, 1102) 	 pointing:  4
[1, 1, 1, 1]
(1126, 1104)
11
5
2
1
11
5
2
1
(511, 511)
5
2
1
0
5
2
1
0
(511, 509)
5
2
1
0
5
2
1
0
(510, 510)
5
2
1
0
5
2
1
0
(1315, 1309)
13
6
3
1
13
6
3
1
(511, 501)
5
2
1
0
5
2
1
0
(511, 503)
5
2
1
0
5
2
1
0
(912, 904)
9
4
2
1
9
4
2
1
(1320, 1306)
13
6
3
1
13
6
3
1
(915, 901)
9
4
2
1
9
4
2
1
(914, 902)
9
4
2
1
9
4
2
1
(1207, 1202)
12
6
3
1
12
6
3
1
(1205, 1204)
12
6
3
1
12
6
3
1
(603, 612)
6
3
1
0
6
3
1
0
(603, 610)
6
3
1
0
6
3
1
0
(604, 611)
6
3
1
0
6
3
1
0
(505, 506)
5
2
1
0
5
2
1
0
(501, 506)
5
2
1
0
5
2
1
0
(507, 504)
5
2
1
0
5
2
1
0
(1003, 1012)
10
5
2
1
10
5
2
1
(1003, 1010)
10
5
2
1
10
5
2
1
(1004, 1011)
10
5
2
1
10
5
2
1
(905, 906)
9
4
2
1
9
4
2
1
(901, 906)
9
4
2
1
9
4
2
1
(907, 904)
9
4
2
1
9
4
2
1
(617, 608)
6
3
1
0
6
3
1
0
(621, 610)
6
3
1
0
6
3
1
0
(613, 612)
6
3
1
0
6
3
1
0
(1419, 1412)
14
7
3
1
14
7
3
1
(618, 603)
6
3
1
0
6
3
1
0
(619, 604)
6
3
1
0
6
3
1
0
(617, 604)
6
3
1
0
6
3
1
0
(1011, 1010)
10
5
2
1
10
5
2
1
(1424, 1405)
14
7
3
1
14
7
3
1
(1423, 1404)
14
7
3
1
14
7
3
1
(1019, 1006)
10
5
2
1
10
5
2
1
(725, 712)
7
3
1
0
7
3
1
0
(728, 711)
7
3
1
0
7
3
1
0
FOUND PART OF OBJECTIVE!! next state:  (28, 12) 	 objective corner:  (28, 12) 	 at:  (728, 711) 	 pointing:  8
[1, 1, 1, 1]
(724, 707)
7
3
1
0
7
3
1
0
(722, 705)
7
3
1
0
7
3
1
0
(722, 703)
7
3
1
0
7
3
1
0
(1118, 1111)
11
5
2
1
11
5
2
1
(1117, 1112)
11
5
2
1
11
5
2
1
(1528, 1501)
15
7
3
1
Objective found at:  (1528, 1501)
[((5, 1), None, None), ((5, 2), (5, 1), 'North'), ((6, 2), (5, 2), 'East'), ((7, 2), (6, 2), 'East'), ((8, 2), (7, 2), 'East'), ((9, 2), (8, 2), 'East'), ((9, 3), (9, 2), 'North'), ((9, 4), (9, 3), 'North'), ((8, 4), (9, 4), 'West'), ((7, 4), (8, 4), 'West'), ((6, 4), (7, 4), 'West'), ((5, 4), (6, 4), 'West'), ((5, 5), (5, 4), 'North'), ((5, 6), (5, 5), 'North'), ((5, 7), (5, 6), 'North'), ((5, 8), (5, 7), 'North'), ((5, 9), (5, 8), 'North'), ((5, 10), (5, 9), 'North'), ((5, 11), (5, 10), 'North'), ((4, 11), (5, 11), 'West'), ((3, 11), (4, 11), 'West'), ((2, 11), (3, 11), 'West'), ((1, 11), (2, 11), 'West'), ((201, 210), (1, 11), 'South'), ((202, 210), (201, 210), 'East'), ((203, 210), (202, 210), 'East'), ((204, 210), (203, 210), 'East'), ((205, 210), (204, 210), 'East'), ((205, 209), (205, 210), 'South'), ((205, 208), (205, 209), 'South'), ((205, 207), (205, 208), 'South'), ((205, 206), (205, 207), 'South'), ((205, 205), (205, 206), 'South'), ((205, 204), (205, 205), 'South'), ((204, 204), (205, 204), 'West'), ((203, 204), (204, 204), 'West'), ((203, 203), (203, 204), 'South'), ((203, 202), (203, 203), 'South'), ((202, 202), (203, 202), 'West'), ((201, 202), (202, 202), 'West'), ((302, 302), (201, 202), 'East'), ((303, 302), (302, 302), 'East'), ((303, 303), (303, 302), 'North'), ((303, 304), (303, 303), 'North'), ((304, 304), (303, 304), 'East'), ((305, 304), (304, 304), 'East'), ((306, 304), (305, 304), 'East'), ((307, 304), (306, 304), 'East'), ((308, 304), (307, 304), 'East'), ((309, 304), (308, 304), 'East'), ((310, 304), (309, 304), 'East'), ((311, 304), (310, 304), 'East'), ((312, 304), (311, 304), 'East'), ((313, 304), (312, 304), 'East'), ((313, 305), (313, 304), 'North'), ((313, 306), (313, 305), 'North'), ((312, 306), (313, 306), 'West'), ((311, 306), (312, 306), 'West'), ((311, 307), (311, 306), 'North'), ((311, 308), (311, 307), 'North'), ((311, 309), (311, 308), 'North'), ((311, 310), (311, 309), 'North'), ((312, 310), (311, 310), 'East'), ((313, 310), (312, 310), 'East'), ((314, 310), (313, 310), 'East'), ((315, 310), (314, 310), 'East'), ((315, 309), (315, 310), 'South'), ((315, 308), (315, 309), 'South'), ((316, 308), (315, 308), 'East'), ((317, 308), (316, 308), 'East'), ((318, 308), (317, 308), 'East'), ((318, 309), (318, 308), 'North'), ((318, 310), (318, 309), 'North'), ((318, 311), (318, 310), 'North'), ((318, 312), (318, 311), 'North'), ((319, 312), (318, 312), 'East'), ((320, 312), (319, 312), 'East'), ((321, 312), (320, 312), 'East'), ((322, 312), (321, 312), 'East'), ((323, 312), (322, 312), 'East'), ((324, 312), (323, 312), 'East'), ((325, 312), (324, 312), 'East'), ((326, 312), (325, 312), 'East'), ((326, 311), (326, 312), 'South'), ((326, 310), (326, 311), 'South'), ((327, 310), (326, 310), 'East'), ((328, 310), (327, 310), 'East'), ((328, 311), (328, 310), 'North'), ((1128, 1110), (328, 311), 'South'), ((1127, 1110), (1128, 1110), 'West'), ((1126, 1110), (1127, 1110), 'West'), ((1126, 1109), (1126, 1110), 'South'), ((1126, 1108), (1126, 1109), 'South'), ((1127, 1108), (1126, 1108), 'East'), ((1128, 1108), (1127, 1108), 'East'), ((1128, 1107), (1128, 1108), 'South'), ((1128, 1106), (1128, 1107), 'South'), ((1128, 1105), (1128, 1106), 'South'), ((1128, 1104), (1128, 1105), 'South'), ((1128, 1103), (1128, 1104), 'South'), ((1128, 1102), (1128, 1103), 'South'), ((1528, 1501), (1128, 1102), 'South')]
['North', 'East', 'East', 'East', 'East', 'North', 'North', 'West', 'West', 'West', 'West', 'North', 'North', 'North', 'North', 'North', 'North', 'North', 'West', 'West', 'West', 'West', 'South', 'East', 'East', 'East', 'East', 'South', 'South', 'South', 'South', 'South', 'South', 'West', 'West', 'South', 'South', 'West', 'West', 'East', 'East', 'North', 'North', 'East', 'East', 'East', 'East', 'East', 'East', 'East', 'East', 'East', 'East', 'North', 'North', 'West', 'West', 'North', 'North', 'North', 'North', 'East', 'East', 'East', 'East', 'South', 'South', 'East', 'East', 'East', 'North', 'North', 'North', 'North', 'East', 'East', 'East', 'East', 'East', 'East', 'East', 'East', 'South', 'South', 'East', 'East', 'North', 'South', 'West', 'West', 'South', 'South', 'East', 'East', 'South', 'South', 'South', 'South', 'South', 'South', 'South']
Path found with total cost of 101 in 0.6 seconds
Search nodes expanded: 1891
